40001 0
40001 0
14740 0
1691 0
1124 0
5775 0
922 0
6315 0
26467 0
39994 0
2684 0
39993 0
5778 0
16676 0
5714 0
39990 0
6405 0
10705 0
19250 0
14533 0
16650 0
39985 0
10875 0
14312 0
5017 0
18631 0
14953 0
902 0
15942 0
822 0
16906 0
12811 0
10534 0
11056 0
39973 0
15958 0
39972 0
39972 0
13635 0
9110 0
39970 0
18335 0
39969 0
3005 0
19142 0
5072 0
11690 0
16539 0
39964 0
7501 0
8538 0
39962 0
11504 0
18726 0
39960 0
5917 0
28875 0
39958 0
492 0
39094 0
30028 0
9220 0
12596 0
31955 0
13897 0
3999 0
29089 0
27703 0
2774 0
10551 0
14206 0
800 0
7165 0
39943 0
13740 0
6772 0
39941 0
27511 0
39940 0
2697 0
30430 0
39938 0
30519 0
3834 0
3154 0
11267 0
39934 0
5452 0
11333 0
39932 0
20695 0
1882 0
758 0
39929 0
14010 0
39928 0
2174 0
4056 0
39926 0
5042 0
4936 0
31111 0
5946 0
9658 0
39921 0
3921 0
2108 0
39919 0
39919 0
7224 0
5626 0
9272 0
39916 0
39916 0
3848 0
36072 0
1439 0
39913 0
39913 0
19338 0
2465 0
29916 0
26126 0
9764 0
7132 0
19680 0
6839 0
39905 0
26072 0
23699 0
12249 0
12192 0
16015 0
11402 0
8449 0
39898 0
17663 0
38309 0
39896 0
359 0
2598 0
11300 0
13736 0
3128 0
17649 0
39890 0
15961 0
16466 0
13167 0
39887 0
34027 0
4230 0
7286 0
7487 0
4500 0
39882 0
27201 0
17396 0
1686 0
39879 0
1941 0
9850 0
8182 0
1888 0
39875 0
38932 0
18361 0
25913 0
4766 0
29483 0
24629 0
9177 0
30125 0
7345 0
2150 0
18860 0
12256 0
39863 0
39863 0
478 0
6096 0
7771 0
4728 0
39859 0
33775 0
8567 0
1189 0
39856 0
39856 0
1527 0
8856 0
39854 0
17894 0
39853 0
39853 0
1047 0
28961 0
12597 0
1707 0
39849 0
15042 0
18204 0
6312 0
38958 0
8192 0
2025 0
6577 0
4967 0
39841 0
39841 0
14163 0
10850 0
3583 0
39838 0
39838 0
39838 0
16781 0
20778 0
8988 0
13796 0
3628 0
39833 0
2585 0
5019 0
39831 0
13377 0
8536 0
17106 0
39828 0
8209 0
39827 0
5724 0
5956 0
19187 0
9535 0
524 0
23414 0
8285 0
39820 0
39820 0
39820 0
9964 0
10665 0
8082 0
39817 0
39817 0
39817 0
39817 0
39817 0
324 0
19121 0
39815 0
39815 0
5226 0
39814 0
4942 0
15718 0
39812 0
39812 0
17869 0
39811 0
14794 0
20965 0
39809 0
39809 0
27963 0
39808 0
2487 0
39807 0
2916 0
14125 0
7573 0
7932 0
5905 0
152 0
1241 0
39800 0
39800 0
1324 0
30931 0
3073 0
39797 0
6330 0
12282 0
11758 0
6597 0
25801 0
3 0
39791 0
5096 0
14619 0
25829 0
946 0
39787 0
4995 0
39786 0
10934 0
2803 0
6324 0
16961 0
6692 0
2425 0
39780 0
14772 0
13146 0
39778 0
39778 0
17509 0
5956 0
5671 0
15160 0
15715 0
24747 0
62 0
12815 0
5463 0
5521 0
23750 0
39767 0
1424 0
39766 0
39766 0
2559 0
39765 0
39765 0
39765 0
10130 0
39764 0
39764 0
16133 0
39763 0
17440 0
15202 0
36721 0
39760 0
39760 0
1280 0
39759 0
11 0
8753 0
4238 0
35623 0
2130 0
39754 0
19868 0
3338 0
284 0
13658 0
8108 0
12390 0
3106 0
39747 0
14886 0
13305 0
7298 0
10051 0
14702 0
529 0
4473 0
16630 0
11456 0
2950 0
5517 0
39736 0
25000 0
39735 0
7723 0
39734 0
39734 0
39734 0
9047 0
16626 0
697 0
14511 0
39730 0
18954 0
39729 0
4478 0
34599 0
2559 0
39726 0
15634 0
25742 0
12499 0
39723 0
8110 0
29981 0
39721 0
22952 0
8033 0
7625 0
39718 0
39718 0
37693 0
7832 0
15228 0
19600 0
2896 0
39713 0
39713 0
4948 0
3010 0
2340 0
275 0
1821 0
3826 0
39707 0
39707 0
10209 0
22227 0
6384 0
18105 0
2058 0
5444 0
9610 0
11159 0
3400 0
15625 0
39697 0
14302 0
39696 0
39696 0
5544 0
5079 0
39694 0
8874 0
14349 0
1070 0
10741 0
4300 0
11540 0
33474 0
39687 0
5850 0
15086 0
4164 0
39684 0
17854 0
9177 0
11671 0
37755 0
39680 0
2684 0
39679 0
2989 0
39678 0
39678 0
1197 0
2359 0
16038 0
14185 0
18720 0
13515 0
39672 0
39672 0
7912 0
38641 0
5022 0
7822 0
39668 0
17899 0
39667 0
28979 0
7215 0
39665 0
3415 0
39664 0
8505 0
12615 0
39662 0
39662 0
39662 0
24879 0
39661 0
16738 0
24639 0
10825 0
39658 0
12451 0
39657 0
2645 0
2423 0
18255 0
3486 0
39653 0
39653 0
3524 0
29195 0
39651 0
6597 0
8483 0
4140 0
13427 0
39647 0
7967 0
39646 0
2770 0
5341 0
24823 0
9212 0
39642 0
39642 0
2453 0
39641 0
3251 0
39640 0
39640 0
39640 0
4116 0
13074 0
10643 0
3617 0
8252 0
4993 0
39634 0
9749 0
6058 0
39632 0
3634 0
4927 0
6474 0
39629 0
39629 0
11805 0
39628 0
35233 0
16800 0
39626 0
1755 0
6746 0
39624 0
39624 0
5289 0
14874 0
39622 0
12799 0
39621 0
4187 0
4046 0
2174 0
3616 0
8427 0
14281 0
39615 0
4527 0
39614 0
5615 0
10257 0
39612 0
12096 0
39611 0
39611 0
7127 0
14127 0
35421 0
15189 0
7230 0
2090 0
39605 0
23055 0
37135 0
19931 0
15095 0
3224 0
9053 0
21831 0
39598 0
8794 0
10391 0
39596 0
39596 0
32589 0
2202 0
9773 0
11747 0
4146 0
7125 0
20671 0
39589 0
3267 0
15436 0
6093 0
39586 0
16703 0
25250 0
16394 0
39583 0
39583 0
39583 0
6094 0
18893 0
17731 0
8176 0
7377 0
7219 0
5416 0
272 0
5225 0
482 0
39573 0
19414 0
25695 0
39571 0
1099 0
6485 0
39569 0
8326 0
22743 0
39567 0
39567 0
6 0
39566 0
15604 0
7615 0
39564 0
5068 0
39563 0
1688 0
4540 0
5307 0
7164 0
22173 0
9191 0
39557 0
21741 0
9256 0
39555 0
39555 0
14784 0
5825 0
39553 0
11751 0
25543 0
2822 0
39550 0
8621 0
35194 0
8737 0
29674 0
18565 0
7684 0
6185 0
39543 0
6175 0
5691 0
7669 0
11677 0
39539 0
14547 0
39538 0
19854 0
8764 0
24874 0
18456 0
4688 0
7661 0
6178 0
5778 0
39530 0
4949 0
39529 0
2921 0
4831 0
17234 0
39526 0
448 0
8409 0
8678 0
39523 0
5915 0
267 0
39521 0
15114 0
8932 0
9227 0
21368 0
3727 0
21873 0
7735 0
14231 0
39513 0
8070 0
15105 0
4758 0
2182 0
39509 0
39509 0
11355 0
39508 0
39508 0
39508 0
18342 0
39507 0
14514 0
16281 0
39505 0
39505 0
8313 0
39504 0
39504 0
39504 0
39504 0
39504 0
39504 0
39504 0
15459 0
13161 0
2505 0
39501 0
39501 0
1961 0
38753 0
9856 0
39498 0
39498 0
9711 0
3197 0
9692 0
39495 0
18680 0
39494 0
39494 0
39494 0
39494 0
6519 0
11448 0
8040 0
7715 0
7044 0
11863 0
430 0
39487 0
39487 0
39487 0
10615 0
7761 0
39485 0
39485 0
185 0
39484 0
15797 0
4068 0
19688 0
3423 0
31030 0
39479 0
19211 0
13684 0
6203 0
39476 0
39476 0
1051 0
5171 0
2979 0
39473 0
1176 0
39472 0
11223 0
7621 0
11972 0
39469 0
13834 0
5587 0
12863 0
5207 0
14511 0
38151 0
36757 0
18412 0
39461 0
10405 0
39460 0
7234 0
23681 0
10324 0
39457 0
39457 0
39457 0
9830 0
5997 0
5375 0
39454 0
39454 0
39454 0
7423 0
6263 0
39452 0
3491 0
17469 0
39450 0
39450 0
21761 0
35393 0
39448 0
2353 0
39447 0
22538 0
6941 0
12008 0
7556 0
39443 0
9258 0
2260 0
26611 0
39440 0
4613 0
404 0
1456 0
6507 0
21359 0
39435 0
11188 0
19212 0
36969 0
9483 0
39431 0
1128 0
4081 0
3327 0
5792 0
34426 0
5150 0
39425 0
12147 0
17740 0
39423 0
5117 0
39422 0
7578 0
21249 0
5195 0
2598 0
39418 0
15995 0
9445 0
39416 0
6605 0
1053 0
39414 0
39414 0
6933 0
9271 0
14555 0
39411 0
15370 0
4371 0
5327 0
39408 0
39408 0
18311 0
21145 0
15698 0
8774 0
39404 0
14546 0
808 0
17317 0
39401 0
12289 0
39400 0
22751 0
39399 0
17531 0
22203 0
39397 0
39397 0
3474 0
39396 0
39396 0
39396 0
39396 0
11425 0
39395 0
39395 0
39395 0
5933 0
37543 0
17359 0
1661 0
3991 0
38422 0
39389 0
9893 0
8027 0
39387 0
39387 0
10428 0
2649 0
39385 0
39385 0
8622 0
17710 0
18242 0
9873 0
11052 0
39380 0
39380 0
37889 0
6764 0
13584 0
6160 0
296 0
11605 0
39374 0
5335 0
117 0
4766 0
19369 0
13419 0
39369 0
6396 0
8173 0
14160 0
7440 0
39365 0
39365 0
9131 0
1278 0
1251 0
12769 0
8424 0
11015 0
23866 0
39358 0
559 0
6893 0
3520 0
9865 0
20915 0
1408 0
16113 0
39351 0
13683 0
39350 0
15798 0
2444 0
39348 0
39348 0
39348 0
29887 0
17662 0
3011 0
39345 0
39345 0
6259 0
13970 0
9026 0
16485 0
3596 0
13989 0
39339 0
39339 0
39339 0
39339 0
3072 0
39338 0
10216 0
39337 0
39337 0
39337 0
26953 0
4009 0
15382 0
21502 0
39333 0
15116 0
39332 0
25405 0
10173 0
5451 0
19807 0
39328 0
8983 0
807 0
39326 0
8252 0
39325 0
39325 0
2815 0
205 0
39323 0
39323 0
39323 0
630 0
39322 0
21833 0
39321 0
11851 0
9201 0
1659 0
15605 0
13959 0
6683 0
17039 0
39314 0
39314 0
39314 0
39314 0
39314 0
16148 0
5407 0
4101 0
39311 0
4308 0
2620 0
542 0
2108 0
7720 0
10432 0
39305 0
8580 0
12960 0
31245 0
39302 0
39302 0
39302 0
18069 0
14663 0
39300 0
5316 0
39299 0
5251 0
8050 0
5546 0
38341 0
1109 0
11660 0
21715 0
2723 0
1924 0
27541 0
39289 0
1709 0
3233 0
39287 0
7699 0
39286 0
22294 0
13698 0
9238 0
14370 0
39282 0
19606 0
39281 0
20570 0
3524 0
652 0
39278 0
6691 0
3487 0
17779 0
14783 0
5337 0
39273 0
6922 0
26109 0
39271 0
39271 0
294 0
6923 0
12591 0
39268 0
11627 0
11055 0
22363 0
39265 0
39265 0
4013 0
31477 0
39263 0
28458 0
1801 0
1009 0
17183 0
3133 0
6949 0
39257 0
39257 0
3121 0
39256 0
39256 0
39256 0
2161 0
18087 0
20909 0
5270 0
24699 0
3504 0
2776 0
10437 0
39248 0
33020 0
13505 0
7613 0
2835 0
39244 0
4445 0
3983 0
39242 0
39242 0
39242 0
14004 0
39241 0
39241 0
7595 0
39240 0
5002 0
2458 0
8421 0
6584 0
5292 0
2259 0
39234 0
13582 0
10664 0
3430 0
38479 0
39230 0
5610 0
4568 0
38463 0
13747 0
3742 0
588 0
5081 0
36425 0
5229 0
10444 0
2542 0
5335 0
32299 0
39217 0
4819 0
589 0
6169 0
38483 0
39213 0
4544 0
39212 0
11780 0
39211 0
5101 0
15650 0
14803 0
1356 0
39207 0
1745 0
5955 0
39205 0
24345 0
5289 0
3909 0
2259 0
39201 0
39201 0
39201 0
39201 0
11823 0
5728 0
6176 0
39198 0
39198 0
39198 0
39198 0
39198 0
7880 0
39197 0
9358 0
39196 0
39196 0
20981 0
18920 0
6400 0
6452 0
39192 0
14739 0
3727 0
25279 0
39189 0
17333 0
37094 0
39187 0
7814 0
5318 0
3020 0
19377 0
3317 0
4279 0
10115 0
39180 0
39180 0
39180 0
5282 0
39179 0
7092 0
39178 0
7744 0
6370 0
24609 0
9699 0
1758 0
10372 0
4494 0
161 0
15759 0
1079 0
39168 0
39168 0
39168 0
10396 0
39167 0
39167 0
5 0
13595 0
14635 0
16346 0
39163 0
5727 0
9247 0
27167 0
16128 0
6351 0
39158 0
39158 0
5526 0
18006 0
12747 0
27923 0
39154 0
2532 0
39153 0
21569 0
8207 0
39151 0
5340 0
39150 0
44 0
11543 0
19021 0
15983 0
39146 0
18984 0
5856 0
39144 0
39144 0
39144 0
11379 0
17161 0
39142 0
38093 0
39141 0
9841 0
39140 0
16549 0
17939 0
9883 0
2254 0
39136 0
11717 0
39135 0
39135 0
1133 0
39134 0
39134 0
39134 0
5914 0
5823 0
39132 0
16438 0
4062 0
39130 0
39130 0
4038 0
4243 0
39128 0
16734 0
39127 0
158 0
8823 0
39125 0
39125 0
3388 0
39124 0
39124 0
39124 0
39124 0
23195 0
5748 0
39122 0
3721 0
4925 0
39120 0
5872 0
39119 0
1785 0
3337 0
39117 0
1850 0
39116 0
39116 0
2360 0
9621 0
39114 0
15445 0
1652 0
27711 0
39111 0
11205 0
8225 0
2168 0
5252 0
3732 0
497 0
3508 0
18140 0
6652 0
16833 0
8610 0
3350 0
39099 0
6268 0
10235 0
12749 0
39096 0
39096 0
39096 0
39096 0
947 0
19082 0
39094 0
39094 0
38837 0
17396 0
3206 0
3099 0
3767 0
39089 0
39089 0
1662 0
39088 0
2913 0
24661 0
735 0
924 0
39084 0
39084 0
39084 0
39084 0
39084 0
13224 0
740 0
22734 0
39081 0
8715 0
22031 0
4757 0
39078 0
4825 0
240 0
14363 0
14363 0
5465 0
15539 0
10095 0
39071 0
5717 0
6657 0
1760 0
39068 0
11896 0
5121 0
39066 0
27139 0
39065 0
15919 0
6931 0
4957 0
39062 0
5555 0
39061 0
39061 0
7967 0
6195 0
1818 0
1808 0
4916 0
39056 0
2238 0
39055 0
5866 0
5366 0
14627 0
725 0
39051 0
6828 0
4109 0
5651 0
7143 0
4702 0
39046 0
17197 0
39045 0
9813 0
39044 0
5350 0
6404 0
6791 0
12609 0
7940 0
23575 0
39038 0
39038 0
39038 0
1798 0
39037 0
12429 0
5391 0
13423 0
39034 0
16100 0
39033 0
12237 0
18179 0
12268 0
39030 0
4054 0
6245 0
35661 0
39027 0
39027 0
39027 0
3194 0
32033 0
18728 0
27661 0
2741 0
27219 0
39021 0
39021 0
39021 0
14773 0
7863 0
39019 0
15504 0
39018 0
8035 0
5327 0
39016 0
39016 0
6530 0
4215 0
35119 0
2591 0
14073 0
14121 0
2256 0
7604 0
11098 0
39007 0
13142 0
39006 0
39006 0
6597 0
11502 0
39004 0
14817 0
19059 0
39002 0
39002 0
39002 0
8100 0
5787 0
39000 0
39000 0
21839 0
1534 0
8231 0
7397 0
9998 0
4360 0
129 0
38993 0
4618 0
1380 0
10211 0
7404 0
13995 0
12746 0
38987 0
38987 0
38987 0
16609 0
4048 0
38985 0
38985 0
38985 0
2603 0
18159 0
6551 0
3494 0
38981 0
18973 0
38980 0
38980 0
38980 0
5565 0
6270 0
38978 0
38978 0
13741 0
6618 0
38976 0
383 0
3365 0
38974 0
9830 0
10431 0
29319 0
29435 0
38970 0
15154 0
38969 0
38969 0
38969 0
3611 0
3336 0
38967 0
9671 0
36543 0
18645 0
4408 0
12175 0
17538 0
38961 0
9749 0
26285 0
38959 0
38959 0
38959 0
15562 0
19027 0
8065 0
10956 0
38955 0
38955 0
38955 0
38955 0
38955 0
38955 0
5931 0
38954 0
38954 0
17059 0
8288 0
38952 0
38952 0
38952 0
4322 0
38951 0
38951 0
8955 0
2279 0
24619 0
1630 0
18924 0
13045 0
38945 0
2055 0
38944 0
38944 0
21027 0
9083 0
6799 0
9879 0
11761 0
1331 0
38938 0
15985 0
6833 0
3696 0
8388 0
2496 0
38933 0
38933 0
1910 0
11335 0
19692 0
16059 0
38929 0
38929 0
38929 0
1296 0
38928 0
13930 0
4568 0
38926 0
11234 0
10303 0
19550 0
38923 0
5399 0
38922 0
38922 0
38922 0
1876 0
2729 0
456 0
12084 0
1336 0
38917 0
38917 0
6792 0
17475 0
8 0
3266 0
3314 0
23710 0
38911 0
3603 0
18494 0
38909 0
38909 0
1913 0
1412 0
22151 0
646 0
3549 0
38904 0
4348 0
11158 0
38902 0
38902 0
14599 0
19561 0
5539 0
11996 0
21705 0
4675 0
38896 0
7164 0
18573 0
3944 0
8625 0
12437 0
38891 0
34606 0
19042 0
38889 0
38889 0
30175 0
38888 0
11999 0
7113 0
26093 0
38885 0
38885 0
9794 0
12054 0
7458 0
6011 0
15205 0
11043 0
121 0
38878 0
3141 0
7663 0
11225 0
38875 0
38875 0
38875 0
8165 0
15891 0
7271 0
4025 0
19015 0
9503 0
20061 0
10372 0
10341 0
2952 0
26003 0
3195 0
13852 0
15840 0
67 0
38860 0
38860 0
38860 0
38860 0
1316 0
9148 0
8261 0
3968 0
18529 0
35423 0
38854 0
4165 0
6374 0
7072 0
12503 0
38850 0
7215 0
19130 0
38848 0
9109 0
14041 0
38846 0
497 0
147 0
38844 0
38844 0
11118 0
7572 0
7883 0
38841 0
5080 0
38840 0
38840 0
38840 0
16713 0
38839 0
7900 0
7899 0
30949 0
4610 0
38835 0
7707 0
6159 0
7776 0
9802 0
13804 0
2249 0
38829 0
28917 0
38828 0
1767 0
38827 0
208 0
38826 0
16912 0
38825 0
1437 0
38824 0
8408 0
10086 0
22834 0
6834 0
2633 0
34891 0
17183 0
38817 0
3942 0
19922 0
38815 0
38815 0
7613 0
242 0
8036 0
3695 0
128 0
38810 0
1053 0
16947 0
17382 0
38807 0
3480 0
10255 0
5530 0
38804 0
38804 0
34355 0
38803 0
6856 0
5971 0
5857 0
38800 0
7824 0
758 0
15600 0
10251 0
5029 0
15119 0
38794 0
5521 0
13877 0
2407 0
5128 0
30186 0
15501 0
2801 0
33410 0
12407 0
38194 0
1904 0
10316 0
3699 0
38781 0
38781 0
7183 0
13920 0
38779 0
38779 0
38779 0
939 0
8366 0
38777 0
10985 0
38776 0
38776 0
9278 0
2499 0
5196 0
38773 0
38773 0
38773 0
38773 0
9202 0
38772 0
38772 0
7170 0
38771 0
22231 0
38770 0
38770 0
38770 0
38770 0
2672 0
6875 0
38768 0
6219 0
38767 0
29369 0
8165 0
14674 0
19671 0
38763 0
36343 0
5750 0
18104 0
2804 0
8104 0
38758 0
9366 0
38757 0
7964 0
38756 0
38756 0
3163 0
1399 0
11156 0
16238 0
2767 0
14683 0
6173 0
13291 0
38748 0
5186 0
12251 0
38746 0
6587 0
19925 0
1317 0
6996 0
38742 0
15079 0
38741 0
38741 0
38741 0
2893 0
17003 0
14010 0
6953 0
38737 0
13914 0
1499 0
11408 0
31385 0
16721 0
10971 0
38731 0
18996 0
15657 0
38729 0
16384 0
38728 0
12766 0
8767 0
12172 0
38725 0
8978 0
38724 0
3544 0
2304 0
38722 0
5271 0
7124 0
38720 0
8406 0
4055 0
11649 0
16726 0
38716 0
381 0
440 0
4187 0
12606 0
38712 0
9510 0
2150 0
16427 0
2529 0
23053 0
38707 0
16795 0
15530 0
13923 0
14750 0
4076 0
3055 0
11378 0
3912 0
38699 0
1626 0
983 0
11318 0
14560 0
12871 0
3851 0
3905 0
9406 0
8209 0
38690 0
15611 0
801 0
37075 0
38687 0
16176 0
38686 0
2811 0
2899 0
5821 0
11201 0
37274 0
38681 0
17222 0
26563 0
19040 0
14257 0
5162 0
38676 0
38676 0
38676 0
11415 0
7048 0
6360 0
8953 0
38672 0
11078 0
4685 0
38670 0
10850 0
14433 0
6150 0
2281 0
7235 0
37142 0
38664 0
5475 0
17070 0
29049 0
10095 0
10297 0
9617 0
38658 0
38658 0
12231 0
38657 0
38657 0
15627 0
38656 0
9854 0
5101 0
38654 0
266 0
12977 0
38652 0
14388 0
3555 0
1030 0
2233 0
15695 0
15658 0
38646 0
38646 0
38646 0
16366 0
94 0
9180 0
12814 0
9096 0
18617 0
10071 0
6995 0
7281 0
38637 0
38637 0
19998 0
7896 0
2448 0
38634 0
11598 0
13263 0
5923 0
38631 0
4220 0
8487 0
38629 0
38629 0
38629 0
7187 0
31012 0
3122 0
38626 0
38626 0
1453 0
8913 0
1475 0
728 0
38622 0
8721 0
2246 0
8834 0
24673 0
9589 0
38617 0
38617 0
4942 0
38616 0
2256 0
4882 0
1045 0
38613 0
38613 0
37939 0
14562 0
38611 0
32925 0
2281 0
13187 0
8005 0
157 0
4014 0
38605 0
38605 0
17165 0
3664 0
5650 0
31337 0
38601 0
38601 0
15555 0
8419 0
12297 0
37255 0
7166 0
3459 0
38595 0
18907 0
16257 0
38593 0
38593 0
891 0
3272 0
7423 0
11862 0
596 0
19770 0
534 0
38586 0
5723 0
17378 0
33439 0
13974 0
38582 0
4034 0
9149 0
38580 0
8382 0
1099 0
38578 0
31109 0
320 0
38576 0
38576 0
14981 0
38575 0
17058 0
3223 0
38573 0
1879 0
18588 0
2865 0
9798 0
10130 0
38568 0
9317 0
156 0
10412 0
4180 0
2568 0
17559 0
38562 0
15423 0
38561 0
5927 0
15439 0
38559 0
7428 0
12751 0
38557 0
20151 0
38556 0
38556 0
276 0
38555 0
19719 0
30391 0
3740 0
7831 0
8303 0
304 0
17300 0
40 0
38547 0
38547 0
38547 0
4548 0
302 0
3294 0
38544 0
10605 0
38543 0
38543 0
38543 0
38543 0
38543 0
9814 0
8014 0
29339 0
2808 0
5500 0
38538 0
38538 0
14132 0
38537 0
38537 0
10899 0
38536 0
35382 0
14760 0
38534 0
2918 0
15346 0
572 0
38531 0
25401 0
38530 0
4417 0
8823 0
38528 0
38528 0
38528 0
38528 0
38528 0
38528 0
12876 0
7819 0
38526 0
38526 0
3454 0
6732 0
14044 0
38523 0
8578 0
38522 0
38522 0
5281 0
38521 0
4842 0
6028 0
38191 0
38518 0
430 0
38517 0
15137 0
4549 0
3852 0
38514 0
34998 0
38513 0
38513 0
11261 0
38512 0
9959 0
10430 0
19314 0
9390 0
18173 0
38507 0
6402 0
38506 0
2880 0
2723 0
10269 0
8743 0
4437 0
38501 0
38501 0
12947 0
38500 0
18201 0
38499 0
15071 0
2742 0
38497 0
38497 0
18568 0
5132 0
12810 0
9017 0
32734 0
38492 0
30062 0
6772 0
3436 0
6720 0
9678 0
38487 0
16933 0
12577 0
38485 0
38485 0
18261 0
38484 0
38484 0
38484 0
38484 0
38484 0
17193 0
6269 0
15241 0
8736 0
10138 0
32166 0
38478 0
12971 0
14529 0
13239 0
38475 0
38475 0
2265 0
38474 0
7905 0
2995 0
9279 0
21748 0
3643 0
12012 0
38468 0
38468 0
4357 0
38467 0
10441 0
38466 0
13300 0
38465 0
5397 0
38464 0
38464 0
9147 0
38463 0
413 0
4460 0
38461 0
13430 0
30930 0
11351 0
7411 0
38457 0
23966 0
5177 0
2347 0
6321 0
38453 0
38453 0
13644 0
12798 0
38451 0
3371 0
38450 0
15879 0
38449 0
12171 0
37845 0
5737 0
8596 0
5874 0
2265 0
30997 0
16133 0
38441 0
14567 0
5963 0
38439 0
11365 0
1305 0
38437 0
16374 0
38436 0
12137 0
2436 0
15437 0
473 0
6716 0
1893 0
4997 0
38429 0
2083 0
38428 0
38428 0
38428 0
38428 0
1937 0
5037 0
38426 0
2311 0
5087 0
9297 0
10046 0
20373 0
38421 0
16781 0
38420 0
15101 0
10043 0
10768 0
22133 0
38416 0
38416 0
5666 0
8927 0
9371 0
38413 0
38413 0
38413 0
43 0
2961 0
8733 0
5696 0
9534 0
38408 0
4530 0
4453 0
38406 0
38406 0
38406 0
2759 0
14205 0
1234 0
38403 0
5086 0
38402 0
36698 0
2116 0
2218 0
38399 0
38399 0
5880 0
2544 0
38397 0
38397 0
8153 0
38396 0
38396 0
14958 0
38395 0
17699 0
2622 0
38393 0
8265 0
7546 0
32019 0
5323 0
14237 0
38388 0
7617 0
4121 0
23766 0
37427 0
997 0
2516 0
38382 0
9671 0
535 0
4048 0
38379 0
19411 0
5071 0
24610 0
2193 0
15571 0
38374 0
4651 0
3702 0
5501 0
38371 0
27219 0
35391 0
38369 0
3878 0
1834 0
38367 0
17031 0
17023 0
3881 0
38364 0
4195 0
11246 0
38362 0
38362 0
38362 0
10766 0
8017 0
1252 0
38359 0
38359 0
38359 0
16259 0
13410 0
4396 0
25638 0
12557 0
1213 0
38353 0
38353 0
38353 0
38353 0
23497 0
7783 0
19463 0
11325 0
6 0
9893 0
38347 0
38347 0
38347 0
38347 0
5994 0
14311 0
10796 0
25443 0
38343 0
27451 0
7917 0
28447 0
8390 0
4565 0
531 0
15449 0
21745 0
38335 0
7260 0
38334 0
6784 0
38333 0
7199 0
2009 0
15092 0
2127 0
1867 0
38328 0
8247 0
38327 0
38327 0
13911 0
9930 0
38325 0
38325 0
14223 0
6425 0
19102 0
3383 0
6863 0
8771 0
14884 0
38318 0
38318 0
7396 0
7451 0
8040 0
6166 0
38314 0
13616 0
9621 0
5626 0
38311 0
1967 0
8433 0
9209 0
6427 0
18431 0
5700 0
19662 0
34541 0
13869 0
15566 0
10668 0
29337 0
11310 0
15452 0
5680 0
6426 0
7408 0
3617 0
38293 0
1963 0
903 0
38291 0
12257 0
6427 0
10329 0
13633 0
38287 0
12807 0
445 0
3708 0
7172 0
1795 0
3171 0
38281 0
38281 0
1271 0
38280 0
38280 0
4689 0
3872 0
38278 0
580 0
38277 0
35215 0
8660 0
1539 0
3467 0
38273 0
29290 0
5167 0
38271 0
10680 0
38270 0
38270 0
25034 0
13875 0
16230 0
38267 0
38267 0
11332 0
38266 0
38266 0
38266 0
38266 0
363 0
3869 0
38264 0
4493 0
38263 0
5596 0
38262 0
37663 0
33279 0
38260 0
6247 0
3062 0
6394 0
6329 0
38256 0
38256 0
12097 0
38255 0
38255 0
38255 0
13889 0
6544 0
9300 0
38252 0
38252 0
13473 0
24717 0
12984 0
38249 0
17506 0
38248 0
38248 0
38248 0
12180 0
10578 0
10910 0
18769 0
38244 0
1984 0
38243 0
20830 0
38242 0
3323 0
5194 0
38240 0
38240 0
17742 0
38239 0
38239 0
16207 0
6680 0
38237 0
38237 0
3080 0
3271 0
7795 0
5060 0
8795 0
5469 0
18953 0
15386 0
38229 0
27580 0
5923 0
18319 0
10084 0
38225 0
21987 0
38224 0
38224 0
30341 0
38223 0
33165 0
4368 0
38221 0
36826 0
25627 0
38219 0
9499 0
38218 0
11849 0
8105 0
1262 0
293 0
38214 0
37146 0
23580 0
38212 0
7847 0
4152 0
705 0
28462 0
38208 0
38208 0
3701 0
19156 0
38206 0
38206 0
2853 0
38205 0
38205 0
38205 0
38205 0
5041 0
5873 0
10318 0
17065 0
38201 0
2067 0
1835 0
389 0
4338 0
3991 0
6944 0
38195 0
17440 0
3111 0
38193 0
38193 0
38193 0
389 0
38192 0
38192 0
38192 0
6172 0
1113 0
9962 0
7494 0
6455 0
7951 0
4640 0
27311 0
16770 0
13345 0
36389 0
10874 0
1070 0
38179 0
717 0
38178 0
23157 0
38177 0
961 0
38176 0
38176 0
38176 0
38176 0
5910 0
38175 0
6386 0
38174 0
14674 0
18315 0
8391 0
38171 0
2041 0
10885 0
18897 0
14196 0
19575 0
12700 0
38165 0
10597 0
10905 0
38163 0
38163 0
1496 0
8014 0
15256 0
6753 0
38159 0
11579 0
5410 0
4215 0
5523 0
6936 0
38154 0
67 0
38153 0
38153 0
38153 0
38153 0
38153 0
38153 0
15793 0
38152 0
2667 0
38151 0
38151 0
38151 0
2699 0
8058 0
38149 0
38149 0
38149 0
12927 0
38148 0
38148 0
701 0
38147 0
8811 0
19640 0
478 0
38144 0
6748 0
10482 0
7009 0
11313 0
7579 0
38139 0
9785 0
4051 0
10145 0
17057 0
38135 0
5750 0
38134 0
22998 0
15275 0
22115 0
38131 0
38131 0
38131 0
7767 0
24943 0
15183 0
17521 0
7471 0
38126 0
38126 0
10105 0
10048 0
38124 0
38124 0
38124 0
11056 0
9027 0
10058 0
5720 0
38120 0
4759 0
6273 0
38118 0
13246 0
2792 0
38116 0
38116 0
13742 0
38115 0
38115 0
38115 0
38115 0
38115 0
3698 0
7786 0
11199 0
38112 0
38112 0
2616 0
2077 0
6583 0
38109 0
38109 0
5246 0
38108 0
22135 0
5230 0
6091 0
17172 0
38104 0
804 0
38103 0
14837 0
16228 0
9962 0
35359 0
6346 0
1048 0
10283 0
38096 0
1517 0
35006 0
38094 0
22095 0
3373 0
38092 0
4300 0
9513 0
38090 0
38090 0
38090 0
38090 0
14297 0
13571 0
38088 0
38088 0
38088 0
17953 0
38087 0
2083 0
4995 0
38085 0
38085 0
19256 0
457 0
3400 0
4741 0
38081 0
6687 0
38080 0
38080 0
30924 0
17889 0
38078 0
38078 0
5041 0
14387 0
38076 0
5112 0
38075 0
5037 0
38074 0
10358 0
38073 0
13815 0
7880 0
5570 0
11802 0
14637 0
38068 0
33347 0
7092 0
3654 0
38065 0
16714 0
2934 0
38063 0
15072 0
38062 0
13707 0
38061 0
14089 0
38060 0
38060 0
38060 0
13213 0
7426 0
38058 0
4209 0
38057 0
5386 0
9582 0
38055 0
22171 0
38054 0
4237 0
38053 0
3565 0
12317 0
4452 0
9007 0
8644 0
11799 0
6055 0
1387 0
6591 0
4672 0
38043 0
8671 0
4519 0
38041 0
4673 0
38040 0
11463 0
3681 0
38038 0
2840 0
6477 0
38036 0
38036 0
1506 0
7822 0
13635 0
38033 0
5666 0
19238 0
2807 0
38030 0
38030 0
2150 0
38029 0
13247 0
26515 0
2841 0
2408 0
38025 0
9417 0
38024 0
5860 0
13059 0
7137 0
38021 0
7256 0
38020 0
3226 0
19191 0
38018 0
37811 0
9862 0
6736 0
38015 0
8650 0
38014 0
14137 0
38013 0
38013 0
6173 0
38012 0
4187 0
38011 0
3955 0
38010 0
38010 0
38010 0
8736 0
38009 0
38009 0
7878 0
38008 0
12879 0
11041 0
34015 0
38005 0
128 0
1256 0
38003 0
38003 0
38003 0
38003 0
9786 0
836 0
817 0
38000 0
3967 0
3987 0
37998 0
37998 0
5861 0
7173 0
37996 0
37996 0
3112 0
26558 0
37994 0
10282 0
14598 0
4938 0
126 0
7927 0
13036 0
11011 0
227 0
2863 0
37985 0
3533 0
37984 0
37984 0
37984 0
345 0
34663 0
37982 0
37982 0
37982 0
37982 0
3845 0
14802 0
37980 0
9978 0
8016 0
37978 0
16564 0
2868 0
1493 0
5045 0
844 0
8053 0
9844 0
7027 0
6689 0
37969 0
8885 0
13131 0
19055 0
9174 0
37965 0
24112 0
12143 0
37963 0
11742 0
37962 0
7975 0
14596 0
9409 0
9173 0
8959 0
12115 0
9430 0
37955 0
37955 0
15171 0
37954 0
6953 0
4877 0
37952 0
37952 0
8545 0
12687 0
6860 0
8576 0
12235 0
37947 0
7352 0
2141 0
37945 0
4519 0
6862 0
4547 0
37942 0
4022 0
37941 0
37941 0
11807 0
246 0
37939 0
37939 0
14364 0
17702 0
1605 0
37936 0
1592 0
10981 0
17073 0
3765 0
37932 0
26227 0
19405 0
19507 0
5137 0
16055 0
37927 0
5676 0
37926 0
37926 0
35155 0
6311 0
37924 0
13634 0
5240 0
37922 0
37922 0
2729 0
37921 0
6821 0
18056 0
37919 0
9645 0
37918 0
37918 0
19684 0
3798 0
37916 0
4613 0
28730 0
37914 0
18447 0
37913 0
14725 0
37912 0
10898 0
3623 0
5575 0
5839 0
715 0
4567 0
5960 0
37905 0
3467 0
3628 0
5586 0
3047 0
4648 0
13836 0
9187 0
37898 0
453 0
1542 0
3396 0
37895 0
7579 0
5506 0
6999 0
37892 0
37892 0
9705 0
12041 0
29911 0
9137 0
37888 0
1618 0
37887 0
37887 0
14801 0
37886 0
37886 0
2711 0
37885 0
5256 0
37884 0
1941 0
37883 0
5765 0
37882 0
37882 0
37882 0
11793 0
37881 0
8772 0
103 0
37879 0
37879 0
37879 0
31663 0
5833 0
8081 0
4551 0
15415 0
32548 0
8981 0
2306 0
2983 0
4275 0
37869 0
37869 0
195 0
37868 0
6320 0
2577 0
4291 0
6456 0
1333 0
37863 0
3670 0
1346 0
37861 0
37861 0
31361 0
5007 0
37859 0
16761 0
4985 0
37857 0
37857 0
11978 0
37856 0
5715 0
6427 0
37854 0
37854 0
11268 0
7856 0
14111 0
12183 0
409 0
37849 0
9311 0
37848 0
4656 0
37847 0
2808 0
19793 0
37845 0
1231 0
2814 0
8400 0
23310 0
37841 0
2616 0
37840 0
3059 0
4321 0
831 0
3766 0
4238 0
37835 0
37835 0
1300 0
37834 0
20321 0
6973 0
37832 0
37832 0
15153 0
37831 0
37831 0
24263 0
12937 0
37829 0
2241 0
5033 0
37827 0
15258 0
37826 0
1862 0
37825 0
2127 0
2629 0
37823 0
16116 0
19226 0
11720 0
35933 0
30351 0
37818 0
37147 0
18898 0
37816 0
18001 0
18023 0
11929 0
17577 0
19631 0
2750 0
34693 0
16916 0
2388 0
37807 0
11817 0
6360 0
37805 0
37805 0
37805 0
1939 0
17248 0
37803 0
37803 0
37803 0
37803 0
5187 0
37802 0
2631 0
2867 0
37800 0
1960 0
7631 0
37798 0
15144 0
9171 0
37796 0
24434 0
5180 0
37794 0
10125 0
3491 0
37792 0
37792 0
8217 0
37791 0
12500 0
6740 0
37789 0
15865 0
2767 0
37787 0
37787 0
7342 0
10378 0
12276 0
14236 0
37783 0
4148 0
37782 0
37782 0
37782 0
10597 0
37781 0
12198 0
9179 0
37779 0
8718 0
37778 0
37778 0
37778 0
12422 0
37777 0
9942 0
3833 0
37775 0
13281 0
7268 0
2973 0
37772 0
37772 0
37772 0
7330 0
7101 0
1779 0
37769 0
10809 0
37768 0
37768 0
37768 0
14831 0
16679 0
37766 0
9052 0
10466 0
37764 0
5558 0
2968 0
20436 0
18310 0
37760 0
37760 0
16635 0
14442 0
4754 0
27437 0
37756 0
37756 0
17883 0
37755 0
37755 0
37755 0
37755 0
37755 0
9041 0
4432 0
37753 0
2539 0
2743 0
37751 0
37751 0
5242 0
6674 0
7973 0
37748 0
37748 0
37748 0
4778 0
37747 0
3202 0
10945 0
37745 0
3025 0
17441 0
30727 0
37742 0
37742 0
5998 0
8652 0
7214 0
37739 0
5085 0
1680 0
37737 0
37737 0
6263 0
37736 0
9176 0
5298 0
10775 0
459 0
37732 0
2409 0
37731 0
37731 0
37731 0
37731 0
37731 0
37731 0
11778 0
37730 0
17743 0
37729 0
7604 0
13857 0
5116 0
37726 0
37726 0
34487 0
16556 0
12298 0
37723 0
22367 0
37722 0
2962 0
4364 0
37720 0
10309 0
8320 0
7347 0
37717 0
37717 0
37717 0
37717 0
8988 0
37716 0
14549 0
37715 0
8029 0
4262 0
4538 0
5758 0
34618 0
37710 0
16451 0
13744 0
19765 0
1314 0
2163 0
21198 0
9678 0
8452 0
212 0
37701 0
2218 0
37700 0
6503 0
243 0
37698 0
10648 0
5712 0
8397 0
4040 0
4703 0
37693 0
2575 0
37692 0
221 0
37691 0
33599 0
37690 0
37690 0
5615 0
10104 0
18886 0
9916 0
13273 0
5730 0
37684 0
37684 0
6097 0
16930 0
37682 0
37682 0
37682 0
37682 0
4298 0
37681 0
17905 0
7287 0
9850 0
6006 0
1291 0
10170 0
5533 0
37674 0
37674 0
8942 0
2859 0
14910 0
13592 0
37670 0
19533 0
37669 0
13028 0
37668 0
37668 0
539 0
37667 0
1100 0
6532 0
5340 0
5767 0
7630 0
7455 0
5140 0
11177 0
8418 0
6190 0
2674 0
539 0
16066 0
37654 0
24053 0
37653 0
5678 0
37652 0
4185 0
9002 0
6671 0
6772 0
25105 0
342 0
2789 0
37645 0
37645 0
37167 0
3502 0
37643 0
5462 0
13700 0
13338 0
9390 0
37639 0
37639 0
37639 0
37639 0
7740 0
14756 0
6628 0
23530 0
3175 0
11631 0
3923 0
16697 0
9563 0
37630 0
13596 0
6263 0
3610 0
37627 0
11695 0
37626 0
37626 0
2211 0
37625 0
1388 0
4092 0
37623 0
6088 0
3177 0
3810 0
37620 0
37620 0
2962 0
37619 0
2915 0
4089 0
5033 0
28747 0
14644 0
6419 0
37613 0
37613 0
4090 0
37612 0
7980 0
37611 0
13511 0
37610 0
9283 0
37609 0
3947 0
37608 0
37608 0
8838 0
4832 0
14025 0
19834 0
27870 0
2833 0
20006 0
37601 0
35139 0
3274 0
37599 0
37599 0
6823 0
37598 0
37598 0
37598 0
27615 0
5108 0
412 0
16454 0
15115 0
1576 0
2439 0
37591 0
10225 0
37590 0
9573 0
37589 0
37589 0
37589 0
37589 0
37589 0
37589 0
37589 0
2612 0
5996 0
18495 0
37586 0
35633 0
11095 0
37584 0
37584 0
37584 0
9122 0
3715 0
37582 0
37582 0
8598 0
37581 0
37581 0
37581 0
1209 0
3856 0
37579 0
11311 0
15496 0
37577 0
20127 0
3519 0
9670 0
12397 0
17522 0
37572 0
2697 0
37571 0
37571 0
3385 0
37570 0
17597 0
37569 0
15659 0
37568 0
14373 0
11353 0
4960 0
37565 0
26566 0
2090 0
18480 0
37562 0
25530 0
13558 0
37560 0
1153 0
37559 0
37559 0
7930 0
37558 0
15792 0
37557 0
9157 0
19036 0
37555 0
37555 0
5070 0
37554 0
2200 0
24562 0
18941 0
10586 0
37550 0
15998 0
5678 0
3494 0
37547 0
37547 0
4056 0
2153 0
8256 0
17393 0
5673 0
7958 0
5376 0
37540 0
12474 0
19404 0
37538 0
3378 0
11820 0
30573 0
37535 0
6543 0
2014 0
30023 0
37532 0
18959 0
37531 0
37531 0
3747 0
8129 0
9591 0
3689 0
1006 0
37526 0
4889 0
37525 0
18222 0
2021 0
7189 0
11269 0
37521 0
6978 0
37520 0
37520 0
37520 0
37520 0
2245 0
37519 0
2923 0
6594 0
898 0
34229 0
5786 0
37514 0
2120 0
37513 0
14919 0
24244 0
5909 0
37510 0
37510 0
37510 0
5640 0
6293 0
37508 0
2127 0
1276 0
4578 0
37505 0
37505 0
6006 0
10655 0
5947 0
11401 0
6369 0
8788 0
6171 0
37498 0
37498 0
24746 0
8153 0
37496 0
19745 0
8164 0
37494 0
19815 0
37493 0
12529 0
37492 0
4279 0
2473 0
8666 0
1156 0
28455 0
598 0
10395 0
37485 0
37485 0
6068 0
4616 0
19613 0
19364 0
13334 0
29390 0
37479 0
7425 0
635 0
272 0
3612 0
1485 0
37474 0
36089 0
4031 0
11091 0
15682 0
37470 0
11780 0
37469 0
37469 0
1643 0
37468 0
37468 0
18587 0
6874 0
8524 0
4791 0
9617 0
37463 0
37463 0
2771 0
7432 0
37461 0
5081 0
6072 0
4010 0
12128 0
37457 0
15941 0
13391 0
37455 0
37455 0
37455 0
5063 0
3583 0
6347 0
37452 0
37452 0
37452 0
2278 0
37451 0
37451 0
3698 0
1440 0
15763 0
37448 0
17987 0
2508 0
3125 0
37445 0
37445 0
3744 0
10513 0
13099 0
37442 0
11163 0
10098 0
11381 0
34314 0
37438 0
16318 0
4855 0
7724 0
3562 0
37434 0
8163 0
37433 0
37433 0
8417 0
37432 0
8609 0
15723 0
37430 0
37430 0
14218 0
37429 0
2731 0
6696 0
8904 0
37426 0
9676 0
2728 0
37424 0
12373 0
4303 0
37422 0
1805 0
37421 0
37421 0
37421 0
5800 0
13052 0
9571 0
3135 0
8938 0
37416 0
9501 0
9264 0
8186 0
3471 0
4583 0
13196 0
2077 0
5455 0
30871 0
37407 0
13173 0
9573 0
8635 0
5933 0
1620 0
6691 0
3127 0
37400 0
13882 0
37399 0
37399 0
2726 0
37398 0
6942 0
6426 0
37396 0
6498 0
11799 0
17500 0
37393 0
9113 0
11890 0
37391 0
7 0
37390 0
37390 0
37390 0
5322 0
2902 0
3725 0
8392 0
37386 0
5764 0
37385 0
541 0
37384 0
8592 0
7735 0
37382 0
9080 0
37381 0
11591 0
9987 0
12828 0
37378 0
3047 0
4653 0
6955 0
37375 0
37375 0
11490 0
6218 0
37373 0
37373 0
18038 0
37372 0
6194 0
37371 0
4583 0
37370 0
37370 0
2855 0
35 0
37368 0
2341 0
37367 0
13178 0
5261 0
15249 0
37364 0
17278 0
37363 0
37363 0
10305 0
13549 0
37361 0
2200 0
2775 0
14259 0
18970 0
37357 0
740 0
6317 0
1233 0
6546 0
37353 0
8989 0
8939 0
37351 0
2734 0
10202 0
2524 0
3008 0
3253 0
11197 0
3430 0
37344 0
11905 0
37343 0
11492 0
37342 0
37342 0
37342 0
9057 0
37341 0
37341 0
37341 0
494 0
5687 0
37339 0
5127 0
2995 0
37337 0
28093 0
4695 0
1394 0
9044 0
13189 0
14323 0
37331 0
6753 0
37330 0
3946 0
37329 0
33431 0
37328 0
18989 0
4542 0
7615 0
423 0
37324 0
3345 0
11079 0
4478 0
37321 0
37321 0
384 0
829 0
6364 0
12355 0
6840 0
37316 0
37316 0
37316 0
37316 0
37316 0
1401 0
8676 0
16586 0
4289 0
13980 0
7809 0
37310 0
18563 0
3555 0
9780 0
15395 0
3690 0
4933 0
3512 0
37303 0
37303 0
9317 0
37302 0
13966 0
16520 0
18909 0
24777 0
22090 0
37297 0
37297 0
17343 0
10378 0
10084 0
7278 0
17655 0
3728 0
4442 0
16668 0
37289 0
7320 0
9405 0
8652 0
37286 0
37286 0
37286 0
15090 0
37285 0
22668 0
36271 0
30347 0
37282 0
37282 0
1458 0
37281 0
20981 0
37280 0
3294 0
37279 0
3028 0
9618 0
37277 0
17555 0
8866 0
37275 0
1846 0
17939 0
7546 0
6312 0
1634 0
37270 0
22889 0
37269 0
37269 0
37269 0
37269 0
37269 0
4103 0
5200 0
9879 0
5278 0
37265 0
15437 0
37264 0
2801 0
37263 0
37263 0
18449 0
37262 0
1765 0
17715 0
37260 0
7763 0
3506 0
37258 0
37258 0
4483 0
1248 0
6326 0
37255 0
37255 0
36973 0
14519 0
37253 0
5874 0
37252 0
37252 0
15661 0
6584 0
37250 0
37250 0
3358 0
37249 0
37249 0
9007 0
14639 0
37247 0
9707 0
37246 0
19480 0
8842 0
25359 0
37243 0
11872 0
37242 0
6316 0
33655 0
4246 0
37239 0
37239 0
15895 0
670 0
24298 0
945 0
37235 0
12977 0
37234 0
6186 0
12687 0
37232 0
6278 0
37231 0
3908 0
5941 0
2480 0
37228 0
2482 0
4101 0
2314 0
9209 0
37224 0
14139 0
37223 0
37223 0
37223 0
8402 0
7131 0
39 0
18857 0
4165 0
37218 0
37218 0
37218 0
5396 0
30691 0
7875 0
6359 0
37214 0
37214 0
37214 0
19697 0
12928 0
37212 0
37212 0
37212 0
37212 0
4367 0
9362 0
23865 0
19356 0
36059 0
37207 0
21067 0
2245 0
18089 0
2154 0
2760 0
1792 0
3632 0
5605 0
1187 0
37198 0
3612 0
30521 0
37196 0
37196 0
10325 0
37195 0
5638 0
37194 0
13163 0
37193 0
7551 0
11927 0
8415 0
37190 0
6984 0
24077 0
26849 0
3012 0
37186 0
37186 0
37186 0
37186 0
3583 0
37185 0
37185 0
37185 0
20598 0
5367 0
16084 0
4552 0
5606 0
8377 0
37179 0
128 0
37178 0
7849 0
12312 0
20761 0
37175 0
37175 0
12949 0
6704 0
13543 0
37172 0
5588 0
9094 0
37170 0
37170 0
2519 0
7925 0
2400 0
9381 0
3843 0
4742 0
29829 0
37163 0
130 0
10507 0
37161 0
37161 0
37161 0
7078 0
9414 0
18539 0
597 0
15357 0
6770 0
8351 0
5811 0
4788 0
37152 0
37152 0
37152 0
29011 0
37151 0
37151 0
28426 0
1110 0
1005 0
37148 0
37148 0
13065 0
7298 0
37146 0
10780 0
2322 0
37144 0
37144 0
3232 0
37143 0
37143 0
5219 0
37142 0
6464 0
2713 0
12750 0
37139 0
14393 0
8700 0
8711 0
37136 0
37136 0
5817 0
17682 0
8776 0
36737 0
37132 0
37132 0
5828 0
37131 0
15570 0
4299 0
12500 0
37128 0
37128 0
37128 0
10670 0
37127 0
16735 0
6980 0
6999 0
37124 0
12505 0
37123 0
16349 0
15095 0
37121 0
18534 0
37120 0
26503 0
37119 0
37119 0
2020 0
37118 0
37118 0
11538 0
15260 0
37116 0
1593 0
790 0
3604 0
802 0
9892 0
18400 0
9365 0
12141 0
3388 0
37107 0
37107 0
16292 0
3112 0
37105 0
37105 0
13244 0
34437 0
37103 0
5147 0
6135 0
37101 0
1056 0
6978 0
4931 0
7264 0
7702 0
4309 0
33029 0
1703 0
4464 0
13697 0
37091 0
37091 0
37091 0
37091 0
37091 0
37091 0
35310 0
37090 0
37090 0
33357 0
37089 0
37089 0
37089 0
14920 0
37088 0
899 0
2675 0
11924 0
35401 0
37084 0
24599 0
12221 0
37082 0
1282 0
37081 0
6915 0
4477 0
4525 0
2108 0
428 0
31347 0
37075 0
37075 0
6318 0
9698 0
199 0
22538 0
6980 0
37070 0
8350 0
401 0
37068 0
37068 0
91 0
37067 0
37067 0
1856 0
37066 0
4380 0
37065 0
16896 0
18251 0
32167 0
37062 0
5539 0
37061 0
8262 0
37060 0
1585 0
522 0
37058 0
10502 0
37057 0
11901 0
9418 0
5800 0
5257 0
37053 0
5768 0
109 0
2790 0
6598 0
36697 0
14701 0
15218 0
37046 0
73 0
37045 0
20499 0
37044 0
8810 0
5717 0
37042 0
4753 0
7586 0
37040 0
12953 0
11255 0
37038 0
37038 0
2263 0
37037 0
5330 0
4336 0
4555 0
37034 0
10626 0
37033 0
37033 0
17999 0
9335 0
37031 0
37031 0
37031 0
9355 0
16355 0
841 0
11279 0
4440 0
3824 0
37025 0
7256 0
6718 0
1893 0
1913 0
37021 0
12971 0
37020 0
37020 0
3049 0
37019 0
37019 0
1651 0
37018 0
37018 0
2596 0
7694 0
10781 0
37015 0
34381 0
3588 0
5150 0
37012 0
3300 0
19019 0
2500 0
11478 0
2568 0
23 0
23785 0
2090 0
3613 0
14226 0
37002 0
5811 0
11471 0
13509 0
1328 0
36998 0
1595 0
36997 0
1368 0
11834 0
31481 0
36994 0
5165 0
16078 0
36992 0
18621 0
4078 0
5238 0
36989 0
36989 0
36989 0
5203 0
9234 0
36987 0
36987 0
5519 0
36986 0
415 0
19109 0
36984 0
31102 0
3715 0
78 0
17557 0
36980 0
649 0
36979 0
36979 0
36979 0
9705 0
36978 0
3210 0
11809 0
36976 0
36976 0
20077 0
2868 0
282 0
36973 0
3099 0
36972 0
7095 0
8110 0
8644 0
731 0
36968 0
2355 0
36967 0
36967 0
36967 0
8927 0
14941 0
36965 0
20626 0
4288 0
8121 0
5953 0
10641 0
8743 0
8536 0
36958 0
3661 0
1232 0
16291 0
36955 0
36955 0
17347 0
30109 0
13378 0
36952 0
4225 0
36951 0
36951 0
1478 0
36950 0
36950 0
36950 0
9507 0
14103 0
36948 0
36948 0
36948 0
36948 0
3237 0
16681 0
11396 0
23484 0
36944 0
11997 0
2420 0
1704 0
3699 0
36940 0
1061 0
36939 0
16683 0
36938 0
36938 0
12349 0
36937 0
305 0
36936 0
36936 0
36936 0
18181 0
31863 0
3167 0
36933 0
36933 0
7607 0
13204 0
19156 0
25140 0
1612 0
8504 0
7943 0
3595 0
1380 0
17526 0
36923 0
36923 0
877 0
934 0
5234 0
4165 0
5248 0
36918 0
36918 0
5513 0
36917 0
5927 0
36916 0
36916 0
36916 0
9590 0
36915 0
36915 0
36915 0
36915 0
4531 0
5015 0
36913 0
16629 0
36912 0
36912 0
36912 0
36912 0
36912 0
3681 0
36911 0
36911 0
2596 0
36910 0
32949 0
6176 0
36908 0
7979 0
8894 0
14073 0
36905 0
36905 0
36905 0
10024 0
36904 0
36904 0
36904 0
17774 0
7998 0
36902 0
36902 0
2941 0
36901 0
36901 0
3352 0
36900 0
1811 0
36899 0
36899 0
36899 0
6804 0
19319 0
13928 0
36896 0
36896 0
36896 0
36896 0
8110 0
36895 0
17831 0
1818 0
17600 0
1076 0
9454 0
10639 0
8661 0
16523 0
361 0
36886 0
36886 0
13369 0
6415 0
9813 0
10412 0
3698 0
36881 0
5113 0
36880 0
5131 0
19230 0
36878 0
36878 0
36878 0
36878 0
10481 0
10360 0
36876 0
36876 0
3784 0
4947 0
10904 0
312 0
21347 0
36871 0
36871 0
36871 0
36871 0
36871 0
36871 0
12234 0
36870 0
36870 0
36870 0
402 0
25738 0
8372 0
12063 0
2785 0
36865 0
8909 0
11741 0
36863 0
36863 0
36863 0
36863 0
23882 0
34203 0
31346 0
2298 0
36859 0
13739 0
1840 0
15977 0
5881 0
36855 0
36855 0
18638 0
13464 0
36853 0
17893 0
3769 0
36851 0
36851 0
706 0
9368 0
7629 0
7727 0
5054 0
3750 0
36845 0
21035 0
36844 0
2818 0
36843 0
11790 0
18130 0
12280 0
36840 0
36840 0
36840 0
14958 0
36839 0
36839 0
36839 0
24331 0
3278 0
36837 0
36837 0
32123 0
12323 0
3393 0
36834 0
36834 0
6330 0
2591 0
6318 0
36831 0
36831 0
36831 0
23099 0
5318 0
36829 0
36829 0
23049 0
13285 0
23660 0
10899 0
440 0
6544 0
8031 0
26197 0
5627 0
2281 0
36819 0
10331 0
36818 0
18471 0
36817 0
36817 0
623 0
13127 0
36815 0
36815 0
1716 0
19555 0
17550 0
18983 0
36811 0
9841 0
10018 0
36809 0
36809 0
36809 0
36809 0
6062 0
14521 0
36807 0
36807 0
10167 0
36329 0
3444 0
36804 0
2199 0
3210 0
14920 0
3747 0
10404 0
15600 0
25049 0
6844 0
6486 0
881 0
6384 0
510 0
7932 0
2548 0
7284 0
8593 0
2694 0
9866 0
25509 0
36785 0
36785 0
27277 0
6789 0
36783 0
9254 0
3821 0
8669 0
36780 0
2806 0
1026 0
6535 0
7163 0
36776 0
36776 0
2584 0
19379 0
36774 0
14428 0
2902 0
10354 0
14981 0
2576 0
2954 0
880 0
19087 0
948 0
7633 0
36764 0
12658 0
36763 0
36763 0
13057 0
36762 0
4533 0
14615 0
9110 0
16612 0
17971 0
16401 0
32923 0
18369 0
36754 0
36250 0
36753 0
36753 0
14127 0
3049 0
15475 0
36750 0
36750 0
2114 0
36749 0
9600 0
36748 0
36748 0
11135 0
36747 0
36747 0
36747 0
36747 0
7047 0
36746 0
2740 0
1023 0
36744 0
36744 0
36744 0
36744 0
7111 0
3272 0
36742 0
5333 0
36741 0
36741 0
36741 0
36741 0
4942 0
36740 0
12095 0
3025 0
36738 0
1478 0
36737 0
36737 0
5797 0
36736 0
16507 0
19601 0
7683 0
6104 0
12679 0
36731 0
1030 0
15831 0
4210 0
36728 0
7348 0
16023 0
36726 0
10702 0
4237 0
36724 0
36724 0
9270 0
1379 0
11612 0
18877 0
36720 0
36720 0
36720 0
36720 0
158 0
36719 0
36719 0
15677 0
36718 0
1833 0
36717 0
36717 0
3825 0
36716 0
4153 0
36715 0
36715 0
36715 0
36715 0
7805 0
4172 0
36713 0
25387 0
6595 0
36711 0
1101 0
2691 0
23054 0
16047 0
36707 0
36707 0
4038 0
13661 0
16837 0
7386 0
36703 0
1272 0
67 0
24663 0
31161 0
35258 0
14278 0
13848 0
36696 0
36696 0
18304 0
9029 0
36694 0
36694 0
9227 0
7312 0
13106 0
36691 0
19169 0
1001 0
36689 0
7403 0
36688 0
36688 0
4893 0
7059 0
1115 0
36685 0
36685 0
1655 0
36684 0
17501 0
2112 0
6344 0
36681 0
6532 0
27231 0
36679 0
36679 0
36679 0
3476 0
18681 0
36677 0
1648 0
36676 0
1631 0
36675 0
12812 0
9935 0
36673 0
5224 0
36672 0
2978 0
5213 0
36670 0
36670 0
5326 0
5485 0
3361 0
10862 0
36666 0
21163 0
36665 0
36665 0
6983 0
6772 0
18254 0
18843 0
1279 0
36660 0
36660 0
36660 0
7979 0
36659 0
7778 0
25363 0
36657 0
36657 0
36657 0
36657 0
36657 0
36657 0
10856 0
3060 0
36655 0
25195 0
36654 0
2984 0
19189 0
2729 0
19780 0
2862 0
36649 0
36649 0
7134 0
9756 0
8348 0
14573 0
5080 0
36644 0
2276 0
13410 0
12252 0
1073 0
8592 0
36639 0
36639 0
36639 0
7947 0
20003 0
36637 0
230 0
2120 0
7425 0
6085 0
3125 0
34455 0
8970 0
36630 0
4068 0
36629 0
36629 0
10574 0
36628 0
6735 0
10791 0
2807 0
7627 0
36624 0
36624 0
7116 0
660 0
7118 0
36621 0
36621 0
31109 0
3571 0
36619 0
1518 0
36618 0
36618 0
36618 0
14874 0
19124 0
3747 0
11813 0
30 0
12200 0
4308 0
36611 0
25720 0
13030 0
17089 0
36608 0
6764 0
4578 0
36606 0
4922 0
12137 0
4353 0
2264 0
12381 0
20204 0
36600 0
13761 0
3272 0
36598 0
36598 0
9685 0
36597 0
18921 0
2242 0
36595 0
764 0
255 0
36593 0
17561 0
3854 0
3489 0
5138 0
5541 0
36588 0
2170 0
8458 0
16606 0
36585 0
36585 0
13055 0
36584 0
2520 0
36583 0
15769 0
6090 0
6742 0
6970 0
10968 0
537 0
7717 0
14712 0
493 0
18960 0
6419 0
36572 0
36572 0
720 0
6449 0
13759 0
36569 0
36569 0
36569 0
14672 0
7910 0
36567 0
262 0
5027 0
36565 0
36565 0
10394 0
36564 0
36564 0
36564 0
2275 0
36563 0
2419 0
36562 0
25641 0
36561 0
36561 0
6871 0
16403 0
36559 0
7480 0
7653 0
28961 0
36556 0
1856 0
18298 0
9648 0
36553 0
4268 0
36552 0
23985 0
36551 0
36551 0
36551 0
3827 0
1272 0
8463 0
10907 0
948 0
7518 0
10272 0
4548 0
36543 0
36543 0
15644 0
16751 0
36541 0
36541 0
10704 0
18460 0
191 0
36538 0
36538 0
511 0
36537 0
36537 0
36537 0
4723 0
36536 0
7304 0
36535 0
36535 0
36535 0
13382 0
36534 0
2759 0
36533 0
17825 0
5255 0
6827 0
36530 0
14090 0
10883 0
36528 0
7105 0
36527 0
5085 0
36526 0
11290 0
13551 0
4565 0
5759 0
36522 0
5082 0
5734 0
7273 0
6227 0
36518 0
8692 0
36517 0
36517 0
8249 0
5450 0
36515 0
36515 0
36515 0
8478 0
30707 0
14630 0
20641 0
14051 0
30282 0
36509 0
36509 0
12440 0
10756 0
1980 0
5750 0
3004 0
36504 0
36504 0
36504 0
647 0
36503 0
15695 0
3517 0
36501 0
1308 0
7106 0
36499 0
36499 0
11991 0
36498 0
36498 0
3294 0
36497 0
17934 0
36496 0
5268 0
18296 0
17764 0
5447 0
36492 0
26105 0
36491 0
36491 0
16909 0
15681 0
36489 0
5457 0
36488 0
36488 0
728 0
20070 0
36486 0
2230 0
1423 0
36484 0
36484 0
36484 0
36484 0
469 0
5882 0
2921 0
7035 0
3705 0
4805 0
36478 0
36478 0
13764 0
30713 0
36476 0
36476 0
6827 0
4237 0
36474 0
2134 0
4066 0
36472 0
6281 0
7074 0
36470 0
36470 0
12639 0
2264 0
3528 0
18439 0
3136 0
5774 0
36464 0
22885 0
10190 0
9657 0
701 0
36460 0
16788 0
36459 0
8582 0
16646 0
606 0
6560 0
11767 0
7913 0
4573 0
10654 0
7906 0
8661 0
36449 0
1763 0
16850 0
11371 0
12090 0
36445 0
36445 0
36445 0
36445 0
4632 0
13804 0
36443 0
7917 0
36442 0
951 0
36441 0
36441 0
36441 0
4600 0
1041 0
158 0
15551 0
36437 0
18174 0
15033 0
36435 0
16200 0
36434 0
36434 0
36434 0
5166 0
36433 0
36433 0
15334 0
1996 0
36431 0
7777 0
35403 0
36429 0
8451 0
3268 0
35021 0
5402 0
3012 0
330 0
3918 0
1596 0
4129 0
7849 0
761 0
36418 0
36418 0
36418 0
36418 0
802 0
19969 0
26299 0
5837 0
4632 0
2742 0
36412 0
36412 0
36412 0
36412 0
2919 0
7689 0
36410 0
7775 0
6913 0
5883 0
1845 0
10354 0
36405 0
3834 0
36404 0
12980 0
2079 0
903 0
36401 0
10182 0
36400 0
2089 0
1014 0
36398 0
36398 0
36398 0
17786 0
36397 0
5417 0
36396 0
11250 0
36395 0
36395 0
36395 0
4894 0
13084 0
36393 0
36393 0
36393 0
36393 0
36393 0
13804 0
3557 0
8121 0
5006 0
34332 0
14084 0
36387 0
6729 0
36386 0
36386 0
2930 0
36385 0
36385 0
5994 0
36384 0
11811 0
36383 0
13740 0
31547 0
9529 0
36380 0
8077 0
36379 0
36379 0
34333 0
36378 0
23687 0
2741 0
36376 0
15117 0
8087 0
16949 0
5136 0
7676 0
36371 0
2389 0
9841 0
8097 0
36368 0
17273 0
11385 0
14002 0
3792 0
36364 0
10720 0
36363 0
3290 0
2483 0
8591 0
34527 0
132 0
36358 0
4348 0
360 0
33648 0
17899 0
19955 0
5373 0
3350 0
7306 0
36350 0
1733 0
7174 0
36348 0
19745 0
36347 0
36347 0
36347 0
6551 0
1003 0
2202 0
13653 0
36343 0
12522 0
15962 0
36341 0
36341 0
8143 0
36340 0
12845 0
9402 0
18331 0
36337 0
4740 0
36336 0
4838 0
36335 0
17146 0
36334 0
36334 0
24852 0
36333 0
17403 0
36332 0
8120 0
8414 0
36330 0
19370 0
36329 0
6232 0
36328 0
3981 0
36327 0
12591 0
5091 0
8224 0
4274 0
36323 0
5544 0
3235 0
13264 0
13309 0
36319 0
36319 0
36319 0
9726 0
10149 0
36317 0
36317 0
36317 0
1111 0
36316 0
4195 0
3727 0
36314 0
36314 0
36314 0
12756 0
34822 0
28599 0
423 0
2278 0
36309 0
20526 0
4343 0
15862 0
7973 0
36305 0
3901 0
1175 0
36303 0
1371 0
3248 0
17238 0
36300 0
12736 0
3272 0
9652 0
15067 0
36296 0
6439 0
3196 0
36294 0
8600 0
13653 0
5524 0
36291 0
19933 0
9406 0
10640 0
3131 0
36287 0
16935 0
10532 0
36285 0
36285 0
263 0
11470 0
7576 0
36282 0
3690 0
36281 0
14188 0
1375 0
5975 0
5854 0
1618 0
4689 0
6520 0
36274 0
36274 0
2805 0
36273 0
13107 0
36272 0
10880 0
10099 0
10257 0
3483 0
36268 0
14823 0
1932 0
5200 0
1092 0
36264 0
36264 0
19486 0
3662 0
36262 0
1383 0
36261 0
36261 0
5179 0
36260 0
5250 0
3031 0
36258 0
3612 0
36257 0
36257 0
11645 0
12341 0
6029 0
230 0
2986 0
36252 0
27722 0
18117 0
36250 0
36250 0
5849 0
2620 0
36248 0
7788 0
19203 0
13 0
18693 0
21719 0
36243 0
10669 0
15195 0
36241 0
3616 0
16316 0
36239 0
36239 0
36239 0
6821 0
962 0
36237 0
18538 0
36236 0
9993 0
6108 0
3519 0
2424 0
36232 0
7527 0
336 0
36230 0
4271 0
36229 0
36229 0
36229 0
36229 0
36229 0
36229 0
36229 0
8663 0
10400 0
36227 0
2808 0
10761 0
277 0
7241 0
7227 0
4548 0
4917 0
6779 0
9630 0
36218 0
36218 0
36218 0
2068 0
36217 0
36217 0
36217 0
4052 0
36216 0
3977 0
6067 0
26138 0
36213 0
27332 0
36212 0
36212 0
36212 0
36212 0
16098 0
3926 0
36210 0
1946 0
10533 0
36208 0
36208 0
4214 0
36207 0
5608 0
36206 0
3981 0
3673 0
15871 0
27438 0
36202 0
36202 0
5676 0
7123 0
10413 0
36199 0
36199 0
36199 0
36199 0
36199 0
36199 0
36199 0
36199 0
36199 0
36199 0
9065 0
8065 0
36197 0
36197 0
36197 0
7477 0
14641 0
2104 0
36194 0
29331 0
36193 0
36193 0
767 0
36192 0
36192 0
5649 0
36191 0
5497 0
17980 0
36189 0
7570 0
4793 0
36187 0
36187 0
7753 0
36186 0
4342 0
36185 0
15763 0
10194 0
15054 0
36182 0
36182 0
36182 0
10721 0
4203 0
898 0
36179 0
36179 0
1249 0
6384 0
36177 0
23778 0
36176 0
5931 0
5909 0
36174 0
36174 0
334 0
9436 0
5580 0
36171 0
8821 0
9731 0
7811 0
36168 0
1385 0
36167 0
36167 0
10433 0
36166 0
32167 0
16 0
5850 0
36163 0
527 0
12855 0
36161 0
36161 0
12799 0
1457 0
36159 0
6442 0
13801 0
36157 0
9071 0
36156 0
36156 0
482 0
36155 0
36155 0
16991 0
36154 0
1657 0
36153 0
18302 0
36152 0
5889 0
4195 0
3684 0
36149 0
19919 0
2429 0
36147 0
4254 0
36146 0
5331 0
2444 0
36144 0
36144 0
5588 0
3266 0
5689 0
6806 0
7045 0
36139 0
12765 0
5364 0
6718 0
36136 0
6096 0
13742 0
36134 0
36134 0
36134 0
36134 0
18173 0
6035 0
36132 0
16664 0
2000 0
36130 0
614 0
36129 0
5399 0
36128 0
36128 0
8770 0
4271 0
36126 0
36126 0
80 0
36125 0
20715 0
36124 0
23097 0
11253 0
7368 0
15267 0
5538 0
20106 0
5798 0
8535 0
36116 0
17381 0
9053 0
36114 0
36114 0
5828 0
36113 0
14176 0
9949 0
3181 0
36110 0
36110 0
36110 0
5391 0
5910 0
36108 0
36108 0
32697 0
36107 0
8026 0
36106 0
36106 0
36106 0
10735 0
55 0
9555 0
32831 0
8427 0
13459 0
36100 0
36100 0
19209 0
803 0
6796 0
36097 0
36097 0
10740 0
36096 0
534 0
2788 0
36094 0
36094 0
17391 0
36093 0
36093 0
36093 0
36093 0
36093 0
12047 0
10162 0
36091 0
813 0
19042 0
1116 0
36088 0
1113 0
181 0
5519 0
36085 0
529 0
6247 0
36083 0
5994 0
36082 0
12307 0
818 0
36080 0
11448 0
36079 0
2693 0
36078 0
3436 0
1296 0
7482 0
1123 0
36074 0
36074 0
11844 0
6125 0
2879 0
36071 0
36071 0
36071 0
36071 0
11632 0
36070 0
14711 0
36069 0
15212 0
2873 0
739 0
17174 0
3692 0
2737 0
36063 0
18833 0
1572 0
15786 0
36060 0
36060 0
14742 0
2516 0
36058 0
13561 0
4000 0
36056 0
126 0
36055 0
36055 0
36055 0
31094 0
8555 0
2863 0
6482 0
6683 0
4458 0
4632 0
23654 0
36047 0
9940 0
678 0
8529 0
11689 0
32692 0
36042 0
10882 0
36041 0
5381 0
3788 0
36039 0
36039 0
9310 0
16708 0
76 0
4870 0
36035 0
36035 0
9814 0
9749 0
36033 0
1859 0
36032 0
36032 0
12963 0
36031 0
36031 0
7273 0
36030 0
13054 0
36029 0
11973 0
36028 0
5656 0
36027 0
4288 0
36026 0
3207 0
172 0
2795 0
36023 0
18422 0
14913 0
36021 0
8495 0
9312 0
7185 0
1510 0
3777 0
36016 0
36016 0
4661 0
36015 0
9734 0
30587 0
26441 0
36012 0
5641 0
36011 0
36011 0
3002 0
36010 0
36010 0
36010 0
36010 0
36010 0
929 0
7116 0
9791 0
3166 0
7033 0
2992 0
36004 0
8855 0
2141 0
7491 0
36001 0
4170 0
14143 0
35999 0
1069 0
7566 0
13035 0
35996 0
9782 0
27301 0
4617 0
35993 0
35993 0
13900 0
35992 0
35992 0
8608 0
9307 0
2101 0
8097 0
35988 0
35988 0
35988 0
3782 0
35987 0
35987 0
14621 0
2188 0
4638 0
35984 0
6445 0
245 0
16853 0
35981 0
35981 0
8680 0
9029 0
16266 0
35978 0
9298 0
35977 0
35977 0
35977 0
3747 0
35976 0
35976 0
12543 0
35975 0
16803 0
35686 0
8737 0
2623 0
13191 0
5131 0
35969 0
13997 0
35968 0
5543 0
5896 0
2774 0
35965 0
5278 0
16875 0
35963 0
8888 0
35962 0
35962 0
10552 0
35961 0
35961 0
3947 0
15544 0
1445 0
35958 0
7669 0
35957 0
35957 0
13955 0
713 0
10070 0
15011 0
35953 0
35953 0
12153 0
5899 0
35951 0
7402 0
35950 0
35950 0
35950 0
1930 0
12516 0
35948 0
312 0
35947 0
3737 0
179 0
35945 0
35945 0
8567 0
6501 0
35943 0
5228 0
9415 0
8 0
2587 0
9060 0
35938 0
35938 0
35938 0
13042 0
35937 0
5094 0
8298 0
16184 0
35934 0
404 0
10320 0
35932 0
8167 0
35931 0
11014 0
35930 0
13002 0
35929 0
1639 0
4943 0
18934 0
17978 0
35387 0
35924 0
2617 0
5062 0
35922 0
2833 0
12555 0
9702 0
15505 0
35918 0
1079 0
21207 0
7883 0
35915 0
35915 0
31337 0
3560 0
14174 0
7923 0
6646 0
34493 0
15175 0
6738 0
7436 0
35906 0
35906 0
8582 0
15229 0
5485 0
3112 0
1186 0
35901 0
788 0
686 0
10524 0
35898 0
8612 0
18614 0
35896 0
18424 0
252 0
35894 0
6162 0
2195 0
4916 0
11858 0
9879 0
6493 0
35888 0
4022 0
3168 0
35886 0
6979 0
1594 0
1242 0
35883 0
5705 0
12404 0
766 0
35880 0
10039 0
6903 0
22510 0
19569 0
9876 0
35875 0
35875 0
35875 0
35875 0
13551 0
9407 0
10877 0
5231 0
35871 0
8180 0
35870 0
5100 0
6091 0
3042 0
35867 0
2755 0
2096 0
35865 0
35865 0
9984 0
25207 0
35863 0
722 0
2100 0
35861 0
1323 0
35860 0
5052 0
35859 0
1984 0
35858 0
35858 0
9557 0
7867 0
35856 0
6118 0
2171 0
35854 0
4693 0
35853 0
35853 0
3409 0
3926 0
35851 0
22334 0
5510 0
35849 0
6372 0
35848 0
6162 0
2775 0
14845 0
35845 0
8848 0
35844 0
26277 0
11543 0
3168 0
5486 0
6674 0
8479 0
138 0
35837 0
35837 0
35837 0
5925 0
35836 0
12605 0
35835 0
8728 0
35834 0
2301 0
35833 0
21884 0
12037 0
14386 0
34091 0
4003 0
7744 0
3809 0
11456 0
3360 0
9180 0
854 0
8256 0
16827 0
4037 0
35819 0
35819 0
7303 0
35818 0
35818 0
8759 0
2274 0
13631 0
6447 0
35814 0
3102 0
6307 0
35812 0
4256 0
8343 0
35810 0
411 0
6231 0
3442 0
13301 0
5882 0
10588 0
35804 0
35804 0
13522 0
6483 0
5157 0
3073 0
3522 0
13716 0
20621 0
17235 0
30550 0
25333 0
10720 0
35793 0
2613 0
760 0
35791 0
35791 0
2908 0
1368 0
19493 0
35788 0
25380 0
9932 0
35786 0
35786 0
3388 0
1992 0
2938 0
35783 0
10234 0
35782 0
35782 0
7363 0
35781 0
15233 0
35780 0
35780 0
2806 0
6989 0
3191 0
8204 0
2770 0
17830 0
28380 0
1767 0
2313 0
5271 0
32575 0
35769 0
7228 0
35768 0
35768 0
5794 0
35767 0
33594 0
35766 0
13988 0
35765 0
8860 0
9584 0
35763 0
35763 0
35763 0
35763 0
13150 0
8762 0
35761 0
35761 0
27457 0
35760 0
35760 0
11892 0
16673 0
17411 0
9432 0
35756 0
35756 0
35756 0
35756 0
17366 0
35755 0
28065 0
11123 0
35753 0
6778 0
18675 0
1009 0
8129 0
10002 0
35748 0
35748 0
8997 0
11762 0
445 0
16207 0
35744 0
4776 0
35743 0
15347 0
2532 0
5903 0
4493 0
23561 0
8314 0
35737 0
7419 0
35736 0
35736 0
10651 0
35735 0
6960 0
15522 0
9517 0
35732 0
2963 0
34255 0
35730 0
19278 0
11225 0
1194 0
10248 0
388 0
7390 0
2602 0
1368 0
33250 0
35721 0
16514 0
16419 0
35719 0
18899 0
18173 0
35717 0
35717 0
35717 0
16213 0
35716 0
35716 0
35716 0
35716 0
35716 0
15964 0
10555 0
35714 0
35714 0
13706 0
261 0
10188 0
16176 0
35710 0
6109 0
35709 0
30013 0
2526 0
35707 0
12085 0
18713 0
35705 0
9161 0
35704 0
12802 0
13735 0
35702 0
6453 0
12427 0
99 0
35699 0
1151 0
10722 0
35697 0
3791 0
6351 0
35695 0
12605 0
35694 0
5965 0
35693 0
35693 0
4830 0
2132 0
20100 0
35690 0
35690 0
8450 0
13412 0
9882 0
8351 0
1668 0
8725 0
15137 0
35683 0
13261 0
35682 0
35682 0
7367 0
35681 0
6184 0
35680 0
11772 0
8622 0
35678 0
7696 0
2438 0
35676 0
5678 0
3230 0
5692 0
35673 0
10463 0
35672 0
9923 0
16893 0
35670 0
35670 0
35670 0
35670 0
7479 0
2740 0
35668 0
2666 0
35667 0
24179 0
4925 0
1948 0
13835 0
12446 0
35662 0
35662 0
11426 0
8757 0
35660 0
35660 0
10886 0
35659 0
35659 0
35659 0
35659 0
35659 0
1747 0
35658 0
2523 0
3197 0
35656 0
35656 0
1241 0
35655 0
4924 0
5370 0
35653 0
35653 0
12715 0
29562 0
2661 0
35650 0
35650 0
5015 0
520 0
4913 0
35647 0
35647 0
35647 0
15814 0
4803 0
16981 0
14695 0
16953 0
35642 0
35642 0
264 0
31778 0
9473 0
35639 0
35639 0
9901 0
35638 0
13939 0
3885 0
764 0
35635 0
35635 0
19475 0
35634 0
35025 0
35633 0
2386 0
1689 0
423 0
19679 0
18240 0
35628 0
35628 0
35628 0
17871 0
13128 0
35626 0
3010 0
5326 0
8873 0
9493 0
10509 0
35621 0
2968 0
11195 0
35619 0
35619 0
13231 0
35618 0
19006 0
1166 0
8864 0
4150 0
35614 0
3268 0
8064 0
3832 0
35611 0
1518 0
35610 0
19577 0
6932 0
35608 0
1280 0
12892 0
9994 0
35605 0
35605 0
528 0
35604 0
14432 0
35603 0
35603 0
35603 0
35603 0
35603 0
11218 0
15343 0
35601 0
5276 0
8394 0
7125 0
4816 0
35597 0
35597 0
1639 0
35596 0
17242 0
4255 0
1982 0
5164 0
35592 0
834 0
5220 0
35590 0
7069 0
35589 0
1985 0
8839 0
13860 0
6857 0
35585 0
9651 0
35584 0
12407 0
35583 0
35583 0
35583 0
17606 0
6181 0
18652 0
17021 0
28207 0
35578 0
8257 0
35577 0
31366 0
45 0
1749 0
11106 0
1614 0
10654 0
53 0
35570 0
999 0
35569 0
14705 0
35568 0
35568 0
35568 0
9713 0
32553 0
13810 0
2812 0
14805 0
2277 0
35562 0
6671 0
18191 0
9930 0
35559 0
7455 0
6222 0
35557 0
7232 0
5668 0
35555 0
16575 0
35554 0
35554 0
29738 0
7567 0
3287 0
12527 0
35550 0
15976 0
35549 0
35549 0
15463 0
12842 0
35547 0
19552 0
19231 0
16533 0
10228 0
35543 0
9151 0
35542 0
35542 0
35542 0
12475 0
35541 0
3042 0
9327 0
3121 0
35011 0
35537 0
2112 0
4054 0
8620 0
1033 0
7982 0
35532 0
35532 0
33175 0
3867 0
35530 0
35530 0
35530 0
6638 0
35529 0
17170 0
35528 0
2190 0
35527 0
35527 0
35527 0
35527 0
5300 0
1315 0
16104 0
35524 0
35524 0
19770 0
4927 0
4462 0
35521 0
35521 0
5738 0
181 0
12823 0
5627 0
7104 0
35516 0
35516 0
7161 0
35515 0
7752 0
35514 0
35514 0
5009 0
5126 0
35512 0
10015 0
5712 0
4042 0
12211 0
4257 0
35507 0
5412 0
35506 0
7928 0
35505 0
35505 0
35505 0
11871 0
35504 0
1131 0
9506 0
35502 0
18491 0
12098 0
11792 0
7854 0
2836 0
8875 0
9701 0
35495 0
4777 0
35494 0
35494 0
35494 0
6884 0
6584 0
35492 0
8305 0
7171 0
11408 0
12554 0
4354 0
35487 0
35487 0
10160 0
35486 0
15833 0
5557 0
12949 0
35483 0
4062 0
3944 0
35481 0
1279 0
9257 0
15330 0
3073 0
35477 0
35477 0
35477 0
35477 0
12896 0
35476 0
12437 0
2000 0
35474 0
18 0
9202 0
15257 0
14491 0
470 0
6583 0
35468 0
17162 0
35467 0
15461 0
7381 0
2131 0
3115 0
35463 0
35463 0
35463 0
35463 0
35463 0
35463 0
6450 0
35462 0
12940 0
35461 0
35461 0
18942 0
35460 0
17246 0
35459 0
3576 0
17379 0
15642 0
35456 0
3669 0
35455 0
35455 0
7728 0
8332 0
35453 0
35453 0
35453 0
2427 0
5496 0
15187 0
35450 0
35450 0
2588 0
13503 0
6587 0
35447 0
888 0
5753 0
35445 0
35445 0
6147 0
35444 0
8699 0
4742 0
35442 0
35442 0
35442 0
3625 0
727 0
35440 0
35440 0
35440 0
29853 0
18063 0
1613 0
16805 0
2235 0
1332 0
35434 0
35434 0
35434 0
8415 0
29121 0
35432 0
10654 0
35431 0
17182 0
5709 0
35429 0
732 0
1534 0
20855 0
9344 0
35425 0
35425 0
20031 0
6955 0
3802 0
35422 0
13561 0
817 0
15625 0
35419 0
7401 0
19653 0
35417 0
35417 0
35417 0
13973 0
2772 0
8166 0
35414 0
3400 0
35413 0
13359 0
17867 0
3708 0
35410 0
26925 0
10190 0
35408 0
35408 0
7684 0
7549 0
3110 0
3884 0
35404 0
8952 0
35403 0
3522 0
512 0
35401 0
35401 0
347 0
7399 0
6312 0
8394 0
29743 0
6978 0
35395 0
35395 0
35395 0
35395 0
7440 0
35394 0
1144 0
35393 0
35393 0
17955 0
13505 0
13007 0
35390 0
35390 0
16354 0
35389 0
7247 0
1929 0
35387 0
879 0
5315 0
5134 0
12194 0
35383 0
19977 0
35382 0
4767 0
877 0
15377 0
8055 0
9762 0
35377 0
35377 0
7816 0
1751 0
15025 0
35374 0
17504 0
5157 0
31439 0
9073 0
35370 0
5742 0
8343 0
12219 0
35367 0
8249 0
35366 0
35366 0
35366 0
769 0
2147 0
7148 0
35363 0
2326 0
8909 0
35361 0
8032 0
5770 0
35359 0
35359 0
35359 0
35359 0
35359 0
517 0
5653 0
4248 0
15739 0
5523 0
4286 0
35353 0
35353 0
3162 0
7833 0
10777 0
2997 0
9665 0
5104 0
35347 0
12927 0
35346 0
35346 0
4405 0
35345 0
89 0
7603 0
12019 0
1041 0
2010 0
3302 0
6751 0
15702 0
35337 0
5635 0
14916 0
35335 0
3825 0
35334 0
18043 0
3398 0
35332 0
35332 0
35332 0
17264 0
35331 0
18040 0
35330 0
35330 0
35330 0
18232 0
2851 0
449 0
4441 0
3838 0
5518 0
5634 0
8195 0
35322 0
35322 0
763 0
6276 0
5607 0
35319 0
16247 0
35318 0
9966 0
35317 0
367 0
15921 0
669 0
3956 0
1889 0
35312 0
35312 0
35312 0
35312 0
35312 0
8292 0
4513 0
35310 0
5536 0
35309 0
17328 0
35308 0
35308 0
10873 0
4130 0
18957 0
8746 0
896 0
35303 0
35303 0
8697 0
24330 0
19190 0
4988 0
35299 0
19504 0
8779 0
35297 0
35297 0
35297 0
16343 0
3613 0
4026 0
35294 0
1040 0
35293 0
35293 0
35293 0
4460 0
35292 0
5397 0
16672 0
35290 0
3513 0
13945 0
4906 0
14190 0
12431 0
35285 0
1087 0
35284 0
35284 0
35284 0
11752 0
35283 0
7569 0
8053 0
4325 0
35280 0
2437 0
35279 0
35279 0
10585 0
17599 0
35277 0
35277 0
6151 0
5842 0
35275 0
35275 0
8319 0
30027 0
35273 0
16505 0
35272 0
35272 0
35272 0
3287 0
35271 0
35271 0
19938 0
35270 0
35270 0
35270 0
1136 0
35269 0
3135 0
493 0
35267 0
35267 0
6792 0
7127 0
8482 0
18903 0
35263 0
35263 0
11363 0
9044 0
5421 0
8338 0
35259 0
31067 0
17398 0
18253 0
23027 0
4923 0
5823 0
974 0
6067 0
6844 0
35250 0
35250 0
16775 0
7658 0
8352 0
26630 0
35246 0
35246 0
2030 0
512 0
18856 0
35243 0
13070 0
8221 0
1482 0
8441 0
35239 0
27859 0
37 0
35237 0
35237 0
8694 0
13870 0
35235 0
18031 0
6101 0
4753 0
35232 0
4906 0
9868 0
35230 0
35230 0
4039 0
8655 0
8070 0
35227 0
18278 0
6361 0
35225 0
35225 0
8326 0
1684 0
11304 0
9944 0
8746 0
35220 0
3522 0
3727 0
35218 0
4288 0
5394 0
28247 0
16799 0
35214 0
35214 0
7286 0
8783 0
35212 0
35212 0
34978 0
4543 0
724 0
35209 0
35209 0
554 0
661 0
2240 0
35206 0
1089 0
35205 0
35205 0
9498 0
35204 0
35204 0
35204 0
14165 0
35203 0
35203 0
35203 0
7924 0
7998 0
35201 0
35201 0
35201 0
35201 0
18417 0
35200 0
3089 0
35199 0
14980 0
3476 0
15468 0
35196 0
35196 0
328 0
35195 0
35195 0
8567 0
35194 0
35194 0
35194 0
35194 0
3721 0
35193 0
35193 0
35193 0
9761 0
8662 0
35191 0
1350 0
5149 0
35189 0
5811 0
4618 0
1769 0
5499 0
26387 0
7219 0
35183 0
1760 0
1351 0
35181 0
9211 0
4416 0
1361 0
35178 0
35178 0
4116 0
16132 0
6130 0
35175 0
10078 0
4000 0
35173 0
35173 0
35173 0
4800 0
9486 0
3817 0
11815 0
35169 0
2713 0
5117 0
35167 0
35167 0
35167 0
1197 0
2862 0
35165 0
18692 0
6117 0
35163 0
1810 0
2639 0
2068 0
11458 0
524 0
35158 0
710 0
5628 0
4851 0
1318 0
19471 0
3751 0
35152 0
12822 0
1431 0
35150 0
35150 0
35150 0
3532 0
2995 0
35148 0
11409 0
10339 0
2791 0
13648 0
4568 0
35143 0
35143 0
14629 0
5378 0
35141 0
35141 0
6542 0
35140 0
35140 0
35140 0
35140 0
9265 0
35139 0
35139 0
8947 0
1516 0
35137 0
35137 0
16369 0
35136 0
35136 0
6636 0
5432 0
35134 0
35134 0
1819 0
5223 0
35132 0
3326 0
4383 0
8291 0
35129 0
35129 0
35129 0
35129 0
3512 0
9486 0
35127 0
31596 0
35126 0
3082 0
2727 0
35124 0
35124 0
35124 0
35124 0
3284 0
29262 0
7405 0
35121 0
35121 0
3248 0
35120 0
8943 0
6394 0
35118 0
5528 0
8813 0
6726 0
11579 0
4658 0
35113 0
35113 0
35113 0
20378 0
9044 0
35111 0
3228 0
8973 0
35109 0
4739 0
1601 0
5218 0
13329 0
35105 0
35105 0
1300 0
35104 0
3526 0
35103 0
2835 0
18437 0
35101 0
7810 0
1302 0
13701 0
12181 0
35097 0
35097 0
35097 0
3826 0
35096 0
35096 0
35096 0
6089 0
29311 0
35094 0
35094 0
35094 0
35094 0
15516 0
11744 0
35092 0
35092 0
35092 0
35092 0
4526 0
6353 0
4618 0
7583 0
35088 0
12087 0
10969 0
13915 0
35085 0
35085 0
35085 0
35085 0
19945 0
15501 0
7053 0
35082 0
6532 0
35081 0
12042 0
8610 0
2550 0
4329 0
28387 0
14258 0
35075 0
35075 0
18367 0
4359 0
35073 0
7496 0
35072 0
35072 0
4456 0
35071 0
35071 0
35071 0
35071 0
35071 0
35071 0
6287 0
35070 0
35070 0
35070 0
35070 0
13530 0
13031 0
35068 0
2269 0
1821 0
35066 0
35066 0
12499 0
9400 0
13176 0
35063 0
16121 0
9712 0
35061 0
35061 0
35061 0
35061 0
17695 0
6394 0
35059 0
35059 0
2536 0
10623 0
8087 0
35056 0
6272 0
9236 0
17911 0
35053 0
2659 0
35052 0
35052 0
35052 0
35052 0
155 0
35051 0
35051 0
35051 0
35051 0
35051 0
35051 0
35051 0
35051 0
35051 0
9157 0
5188 0
1287 0
35048 0
5426 0
4753 0
35046 0
7899 0
16311 0
35044 0
35044 0
2796 0
2306 0
16891 0
4085 0
8589 0
4931 0
4933 0
35037 0
2536 0
35036 0
35036 0
8755 0
9260 0
35034 0
6462 0
35033 0
35033 0
35033 0
3413 0
35032 0
35032 0
35032 0
35032 0
35032 0
35032 0
11339 0
35031 0
19080 0
16351 0
4424 0
15946 0
18326 0
7236 0
35025 0
35025 0
7996 0
7803 0
35023 0
35023 0
3106 0
35022 0
35022 0
35022 0
14145 0
19122 0
18392 0
6023 0
17783 0
1196 0
35016 0
35016 0
5713 0
6556 0
6177 0
35013 0
35013 0
7221 0
35012 0
12865 0
35011 0
7280 0
4973 0
409 0
11094 0
35007 0
5371 0
35006 0
7213 0
12819 0
35004 0
29611 0
19161 0
2638 0
19525 0
4569 0
13176 0
34998 0
8203 0
34997 0
2748 0
11726 0
34995 0
34995 0
2282 0
34994 0
9277 0
11627 0
1684 0
2477 0
34990 0
476 0
34337 0
18202 0
2199 0
5150 0
34985 0
34985 0
14425 0
34984 0
5570 0
34983 0
34983 0
14213 0
9998 0
34981 0
9422 0
14722 0
6101 0
34978 0
8214 0
4285 0
10957 0
3888 0
34974 0
3204 0
3895 0
34972 0
3184 0
4464 0
19039 0
34969 0
1460 0
34968 0
34968 0
34968 0
2599 0
34967 0
2898 0
34966 0
1496 0
34965 0
5255 0
13169 0
2826 0
3455 0
3080 0
787 0
34959 0
14003 0
34958 0
34958 0
34958 0
34958 0
34958 0
20517 0
10023 0
34956 0
452 0
34955 0
2577 0
5286 0
34953 0
31336 0
34952 0
4196 0
6215 0
34950 0
34950 0
11002 0
34949 0
4529 0
16196 0
34947 0
1755 0
34946 0
10721 0
34945 0
1 0
12447 0
8276 0
4371 0
2615 0
34940 0
34940 0
8770 0
8634 0
9312 0
34937 0
6155 0
8360 0
34935 0
10955 0
34934 0
1762 0
7234 0
19402 0
34931 0
6213 0
34930 0
5637 0
27874 0
460 0
3132 0
34926 0
19579 0
276 0
10791 0
3822 0
1330 0
4454 0
525 0
34919 0
31028 0
1828 0
3618 0
4387 0
4239 0
34914 0
34914 0
34914 0
5552 0
29447 0
13098 0
34911 0
7209 0
6998 0
34909 0
34909 0
34909 0
3636 0
34908 0
34908 0
34908 0
4497 0
34907 0
34907 0
763 0
773 0
10068 0
34904 0
34904 0
34904 0
10032 0
34903 0
7684 0
34902 0
4995 0
11377 0
16171 0
2023 0
650 0
17684 0
34896 0
34896 0
34896 0
11310 0
3594 0
34894 0
1945 0
34893 0
9804 0
34892 0
34892 0
3612 0
7678 0
34890 0
13765 0
11111 0
8576 0
10052 0
34886 0
1476 0
34885 0
16141 0
12995 0
34883 0
2089 0
14433 0
13169 0
34880 0
34880 0
16083 0
2799 0
34878 0
5118 0
34877 0
16162 0
34876 0
17662 0
14873 0
7648 0
8976 0
17800 0
19550 0
12347 0
34869 0
34869 0
4238 0
5013 0
34867 0
18638 0
34866 0
5127 0
34865 0
34865 0
34865 0
34865 0
14048 0
9512 0
34863 0
2376 0
2610 0
34861 0
14484 0
4309 0
238 0
3483 0
34857 0
12533 0
34856 0
18781 0
34855 0
34855 0
34855 0
20225 0
34854 0
8897 0
34853 0
34853 0
3734 0
34852 0
34852 0
11812 0
2286 0
16570 0
34849 0
3734 0
10981 0
1927 0
9105 0
34845 0
34845 0
34845 0
435 0
11455 0
6214 0
34842 0
17421 0
34841 0
34841 0
1873 0
2261 0
5904 0
4292 0
34837 0
34837 0
7469 0
34836 0
34836 0
34836 0
27439 0
34835 0
34835 0
34835 0
6408 0
5265 0
5391 0
34832 0
34832 0
9982 0
10773 0
34830 0
34830 0
6058 0
24635 0
34828 0
34828 0
7499 0
34827 0
17 0
34826 0
34826 0
402 0
34825 0
34825 0
34825 0
34825 0
3627 0
34824 0
1828 0
34823 0
34823 0
34823 0
34823 0
34823 0
4355 0
34822 0
30573 0
34821 0
7785 0
34820 0
34820 0
34820 0
34820 0
9032 0
5480 0
10485 0
12990 0
3797 0
7220 0
3606 0
6185 0
648 0
7459 0
6664 0
9021 0
5574 0
34807 0
34807 0
8630 0
2537 0
8580 0
3824 0
34803 0
34803 0
6758 0
34802 0
3413 0
34801 0
610 0
34800 0
34800 0
3452 0
34799 0
34799 0
9056 0
34798 0
34798 0
34798 0
34798 0
21735 0
34797 0
9731 0
7751 0
34795 0
261 0
34794 0
34794 0
4669 0
12163 0
8652 0
34791 0
34791 0
6894 0
6802 0
5736 0
18268 0
34787 0
34787 0
9543 0
34786 0
5897 0
34785 0
6958 0
29154 0
248 0
8852 0
15720 0
5795 0
16506 0
29468 0
4419 0
34776 0
167 0
13119 0
6602 0
4537 0
3661 0
34771 0
10218 0
16917 0
34769 0
14061 0
34768 0
17564 0
34767 0
34767 0
34767 0
7928 0
34766 0
1085 0
11179 0
34764 0
34764 0
34764 0
11446 0
12976 0
16435 0
34761 0
34761 0
34761 0
34761 0
34761 0
34761 0
1261 0
34760 0
13371 0
5888 0
12554 0
4319 0
9083 0
34755 0
34755 0
16571 0
34754 0
3096 0
34753 0
34753 0
1863 0
13608 0
34751 0
27581 0
115 0
8358 0
34748 0
34748 0
34748 0
34748 0
34748 0
4840 0
4567 0
34746 0
5709 0
12607 0
1688 0
2134 0
34742 0
34742 0
5615 0
1681 0
34740 0
34740 0
34740 0
5895 0
34739 0
34739 0
34739 0
5908 0
34738 0
17693 0
9244 0
3885 0
34735 0
34735 0
34735 0
34735 0
34735 0
232 0
34734 0
11541 0
9687 0
34732 0
34732 0
10948 0
4958 0
11854 0
34729 0
9098 0
34728 0
34728 0
34728 0
34728 0
9630 0
924 0
34726 0
34726 0
610 0
34725 0
34725 0
34725 0
34725 0
34725 0
34725 0
3281 0
34724 0
34724 0
34724 0
34724 0
29310 0
34723 0
34723 0
3854 0
34722 0
8075 0
34721 0
4076 0
180 0
9948 0
9122 0
34717 0
26788 0
6938 0
4031 0
34714 0
4572 0
19037 0
34712 0
34712 0
34712 0
34712 0
34712 0
34712 0
14876 0
34711 0
12165 0
19610 0
26 0
34708 0
15329 0
34707 0
717 0
34706 0
34706 0
34706 0
34706 0
8294 0
8776 0
6958 0
17069 0
7233 0
34701 0
34701 0
5337 0
19270 0
19069 0
34698 0
2997 0
34697 0
5304 0
34696 0
4925 0
34695 0
34695 0
2963 0
26602 0
34693 0
3741 0
11815 0
2898 0
34690 0
34690 0
34690 0
34690 0
1486 0
8535 0
34688 0
34688 0
34688 0
34688 0
12697 0
14605 0
29995 0
11367 0
6433 0
34683 0
9158 0
9484 0
10498 0
34680 0
13770 0
3129 0
13114 0
34677 0
17791 0
34676 0
3676 0
34675 0
7299 0
34674 0
3954 0
14265 0
24023 0
32148 0
34670 0
34670 0
34670 0
374 0
34669 0
5694 0
6468 0
34667 0
1436 0
34666 0
34666 0
9042 0
34665 0
34665 0
34665 0
34665 0
34665 0
34665 0
34665 0
3135 0
34664 0
883 0
12517 0
34662 0
9536 0
7984 0
34660 0
5279 0
1203 0
6479 0
34657 0
1527 0
8816 0
34655 0
34655 0
5771 0
8129 0
1326 0
34652 0
34652 0
10158 0
13083 0
34650 0
8505 0
34649 0
2121 0
26455 0
7122 0
14047 0
6213 0
1113 0
34643 0
10220 0
34642 0
34642 0
937 0
34641 0
34641 0
34641 0
280 0
15495 0
14826 0
5382 0
34637 0
25469 0
2824 0
1674 0
1077 0
8545 0
3141 0
34631 0
34631 0
8 0
34630 0
30065 0
219 0
34628 0
34628 0
7635 0
2561 0
34626 0
34626 0
3252 0
2119 0
7479 0
6397 0
34622 0
34622 0
34622 0
11506 0
34621 0
34621 0
34621 0
3090 0
21511 0
8278 0
828 0
34617 0
30026 0
34616 0
34616 0
9737 0
6074 0
5856 0
34613 0
4180 0
1046 0
2921 0
34610 0
7501 0
13858 0
34608 0
12481 0
34607 0
948 0
27349 0
3450 0
12039 0
6811 0
12478 0
34601 0
4427 0
34600 0
9304 0
34599 0
1668 0
34598 0
9061 0
34597 0
2499 0
9853 0
4578 0
4257 0
34593 0
276 0
10883 0
34591 0
12536 0
18481 0
14259 0
5218 0
34587 0
3974 0
14383 0
34585 0
34585 0
3448 0
8230 0
34583 0
1132 0
2001 0
332 0
2899 0
3645 0
980 0
34577 0
34577 0
17653 0
18489 0
16273 0
17179 0
15140 0
34572 0
34572 0
34572 0
4447 0
34571 0
34571 0
5613 0
15661 0
1571 0
34568 0
6961 0
3096 0
34566 0
34566 0
17805 0
16565 0
28378 0
34563 0
540 0
34562 0
2766 0
32499 0
9111 0
34559 0
34559 0
4462 0
34558 0
3576 0
16580 0
169 0
512 0
10357 0
4874 0
34552 0
34552 0
34552 0
2863 0
34551 0
15531 0
8236 0
9838 0
9287 0
13166 0
9945 0
5132 0
10323 0
34543 0
18433 0
10639 0
4540 0
34540 0
4802 0
34539 0
34539 0
34539 0
34539 0
34539 0
152 0
16974 0
34537 0
34537 0
16028 0
34536 0
34536 0
1743 0
11405 0
4924 0
34533 0
1580 0
34532 0
339 0
34531 0
34531 0
34531 0
1212 0
2748 0
34529 0
34529 0
19299 0
6346 0
11071 0
34526 0
34526 0
34526 0
4428 0
34525 0
9118 0
34524 0
4251 0
9521 0
12450 0
34521 0
34521 0
5463 0
34520 0
15721 0
12545 0
34518 0
401 0
10183 0
8907 0
34515 0
329 0
34514 0
9567 0
23406 0
34512 0
4418 0
29084 0
34510 0
734 0
34509 0
2583 0
34508 0
34508 0
7797 0
34507 0
1772 0
34506 0
18799 0
24524 0
34504 0
26815 0
34503 0
34503 0
34503 0
4673 0
8910 0
11004 0
34500 0
34500 0
34500 0
4653 0
34499 0
34499 0
11487 0
7101 0
34497 0
34497 0
34497 0
9436 0
34496 0
34496 0
1509 0
9078 0
34494 0
20870 0
10997 0
34492 0
7396 0
6352 0
34490 0
437 0
34489 0
34489 0
34489 0
34489 0
34489 0
34489 0
34489 0
6093 0
3718 0
2974 0
19026 0
34485 0
9754 0
34484 0
15900 0
12575 0
34482 0
2542 0
34481 0
34481 0
8142 0
34480 0
34480 0
7197 0
34479 0
17576 0
8320 0
34477 0
724 0
34476 0
34476 0
11812 0
1868 0
34474 0
34474 0
8975 0
15646 0
436 0
5331 0
34470 0
12762 0
34469 0
34469 0
24525 0
735 0
16195 0
581 0
5716 0
13798 0
9311 0
5837 0
3514 0
34460 0
8739 0
1998 0
34458 0
34458 0
34458 0
96 0
5936 0
1741 0
464 0
3395 0
4037 0
12919 0
1528 0
30555 0
12170 0
34448 0
29674 0
34447 0
3701 0
21615 0
3211 0
7505 0
10824 0
34442 0
15326 0
10621 0
34440 0
34440 0
34440 0
34440 0
34440 0
16076 0
5519 0
3932 0
34437 0
212 0
34436 0
34436 0
34436 0
25188 0
34435 0
6417 0
34434 0
3898 0
34433 0
34433 0
2743 0
7018 0
1019 0
10851 0
3168 0
34428 0
34428 0
17661 0
34427 0
11759 0
34426 0
12949 0
18510 0
1782 0
34423 0
17992 0
14756 0
5620 0
7817 0
18985 0
18417 0
3618 0
34416 0
34416 0
34416 0
34416 0
4703 0
533 0
5126 0
17045 0
3839 0
8212 0
34410 0
34410 0
34410 0
34410 0
16357 0
34409 0
3286 0
34408 0
34408 0
347 0
34407 0
6407 0
34406 0
5455 0
34405 0
3544 0
34404 0
8690 0
1294 0
15176 0
1458 0
34400 0
11293 0
3909 0
34398 0
156 0
7402 0
3559 0
6840 0
1677 0
990 0
21286 0
17509 0
12457 0
3002 0
1872 0
1021 0
7763 0
34385 0
7150 0
34384 0
5300 0
19869 0
1763 0
7017 0
9951 0
4368 0
34378 0
3598 0
11371 0
8857 0
34375 0
26 0
34374 0
34374 0
1817 0
34373 0
34373 0
18444 0
34372 0
1753 0
34371 0
6234 0
14381 0
758 0
34368 0
5070 0
34367 0
844 0
1144 0
15750 0
5019 0
5538 0
1819 0
7663 0
34360 0
18321 0
15769 0
14042 0
19450 0
34356 0
15187 0
34355 0
34355 0
1121 0
19266 0
34353 0
4891 0
13427 0
3158 0
34350 0
34350 0
34350 0
645 0
2976 0
5955 0
4262 0
34346 0
3700 0
14217 0
16362 0
3238 0
12697 0
585 0
616 0
3506 0
34338 0
12148 0
34337 0
29003 0
34336 0
4840 0
600 0
14206 0
4985 0
9052 0
11898 0
34330 0
34330 0
34330 0
34330 0
34330 0
144 0
6233 0
843 0
7765 0
3859 0
34325 0
34325 0
107 0
3196 0
9107 0
2825 0
4812 0
34320 0
34320 0
4107 0
5959 0
34318 0
11730 0
11121 0
34316 0
8888 0
3643 0
34314 0
34314 0
34314 0
4400 0
14903 0
7387 0
34311 0
34311 0
34311 0
4720 0
7068 0
1305 0
10154 0
26011 0
34306 0
4611 0
22888 0
34304 0
23069 0
34303 0
34303 0
3728 0
14227 0
10347 0
34300 0
5417 0
34299 0
34299 0
3483 0
34298 0
11370 0
34297 0
34297 0
1931 0
10381 0
13557 0
34294 0
9075 0
34293 0
34293 0
34293 0
34293 0
8452 0
34292 0
34292 0
2719 0
713 0
34290 0
3347 0
5034 0
34288 0
333 0
5588 0
34286 0
34286 0
14102 0
34285 0
34285 0
34285 0
34285 0
3074 0
7037 0
34283 0
8126 0
34282 0
3536 0
34281 0
4439 0
71 0
8842 0
34278 0
1963 0
8931 0
2637 0
15129 0
7782 0
34273 0
17557 0
3823 0
34271 0
16047 0
5354 0
34269 0
8277 0
3452 0
16388 0
34266 0
2937 0
7873 0
34264 0
30134 0
34263 0
3959 0
671 0
34261 0
17397 0
34260 0
34260 0
34260 0
7790 0
1770 0
15801 0
34257 0
12525 0
34256 0
34256 0
18 0
5870 0
34254 0
34254 0
34254 0
34254 0
8602 0
11291 0
3652 0
34251 0
34251 0
4406 0
13589 0
14167 0
34248 0
34248 0
34248 0
1786 0
34247 0
8482 0
9594 0
34245 0
4902 0
4115 0
1437 0
34242 0
34242 0
15343 0
16161 0
3041 0
9701 0
34238 0
28597 0
34237 0
34237 0
34237 0
1011 0
34236 0
34236 0
34236 0
27097 0
34235 0
19011 0
10473 0
29155 0
34232 0
6499 0
7150 0
131 0
34229 0
34229 0
7261 0
13646 0
34227 0
9612 0
34226 0
293 0
8063 0
8055 0
2468 0
10721 0
34221 0
2210 0
34220 0
2793 0
1120 0
13359 0
34217 0
4395 0
5502 0
34215 0
34215 0
34215 0
34215 0
34215 0
34215 0
7431 0
34214 0
34214 0
34214 0
34214 0
7468 0
1248 0
34212 0
34212 0
14587 0
34211 0
34211 0
34211 0
16517 0
34210 0
3893 0
8234 0
10954 0
34207 0
5260 0
34206 0
34206 0
34206 0
8566 0
6957 0
309 0
10809 0
7253 0
34201 0
11175 0
10318 0
34199 0
34199 0
34199 0
34199 0
33209 0
6780 0
34197 0
34197 0
23851 0
34196 0
34196 0
7216 0
5824 0
34194 0
6761 0
2080 0
34192 0
12558 0
9257 0
34190 0
1006 0
9712 0
34188 0
172 0
34187 0
316 0
34186 0
34186 0
34186 0
34186 0
528 0
579 0
34184 0
20551 0
34183 0
34183 0
34183 0
6602 0
14585 0
34181 0
4003 0
34180 0
10511 0
4177 0
34178 0
2970 0
34177 0
34177 0
34177 0
34177 0
8777 0
34176 0
5791 0
2130 0
34174 0
4530 0
34173 0
28159 0
14311 0
34171 0
34171 0
3047 0
8423 0
15683 0
34168 0
34168 0
34168 0
34168 0
32081 0
34167 0
34167 0
11158 0
11722 0
4630 0
4833 0
8221 0
34162 0
34162 0
10350 0
16858 0
8799 0
14448 0
34158 0
34158 0
14208 0
3115 0
34156 0
16732 0
2851 0
8605 0
34153 0
2719 0
34152 0
34152 0
2220 0
34151 0
1074 0
498 0
3821 0
8699 0
34147 0
34147 0
8132 0
8102 0
5812 0
8741 0
34143 0
34143 0
34143 0
15219 0
2994 0
34141 0
34141 0
9245 0
3857 0
5575 0
8882 0
15413 0
6375 0
34135 0
5440 0
3511 0
34133 0
34133 0
6526 0
8869 0
34131 0
34131 0
4396 0
34130 0
34130 0
34130 0
14069 0
2314 0
34128 0
34128 0
24788 0
34127 0
1339 0
34126 0
34126 0
34126 0
34126 0
34126 0
5590 0
7135 0
34124 0
4759 0
12699 0
34122 0
5590 0
34121 0
34121 0
34121 0
9963 0
34120 0
34120 0
34120 0
7874 0
8795 0
34118 0
34118 0
34118 0
9527 0
34117 0
34117 0
34117 0
34117 0
3633 0
34116 0
16094 0
17032 0
548 0
34113 0
743 0
3174 0
2685 0
14949 0
34109 0
34109 0
34109 0
6069 0
9549 0
34107 0
536 0
34106 0
29179 0
14535 0
24186 0
34103 0
34103 0
5964 0
15112 0
34101 0
4483 0
112 0
9734 0
12395 0
34097 0
34097 0
34097 0
34097 0
34097 0
9115 0
34096 0
34096 0
8562 0
34095 0
1507 0
7234 0
3766 0
34092 0
34092 0
34092 0
34092 0
8212 0
15448 0
34090 0
34090 0
34090 0
34090 0
6445 0
34089 0
5213 0
34088 0
20636 0
34087 0
34087 0
1112 0
9842 0
34085 0
5516 0
34084 0
34084 0
2443 0
6090 0
34082 0
3234 0
27333 0
1326 0
34079 0
8038 0
6173 0
34077 0
753 0
34076 0
34076 0
7704 0
34075 0
34075 0
13986 0
2088 0
26458 0
34072 0
6523 0
19197 0
212 0
34069 0
34069 0
11170 0
5335 0
5890 0
13619 0
34065 0
34065 0
15721 0
2862 0
34063 0
14501 0
34062 0
1338 0
12257 0
34060 0
34060 0
34060 0
4760 0
4050 0
7905 0
34057 0
34057 0
34057 0
20830 0
34056 0
34056 0
34056 0
34056 0
4480 0
3901 0
17144 0
8828 0
34052 0
2011 0
1577 0
34050 0
34050 0
34050 0
8356 0
3596 0
34048 0
34048 0
34048 0
7120 0
18896 0
6132 0
3050 0
2961 0
34043 0
12622 0
34042 0
2066 0
34041 0
3432 0
16793 0
2143 0
1860 0
34037 0
34037 0
34037 0
15732 0
34036 0
1752 0
14634 0
4526 0
4428 0
34032 0
3474 0
1104 0
15254 0
34029 0
10170 0
26228 0
34027 0
34027 0
34027 0
34027 0
13400 0
34026 0
5467 0
12545 0
3528 0
5528 0
34022 0
2044 0
7172 0
1431 0
34019 0
34019 0
34019 0
1139 0
10923 0
5785 0
34016 0
1686 0
34015 0
34015 0
3661 0
10487 0
34013 0
34013 0
17050 0
34012 0
5605 0
15245 0
34010 0
34010 0
34010 0
34010 0
5310 0
34009 0
12732 0
7568 0
11561 0
1973 0
2478 0
15569 0
7974 0
18430 0
1048 0
4181 0
5248 0
2571 0
9195 0
16886 0
15711 0
3024 0
33993 0
33993 0
10657 0
33992 0
33992 0
33992 0
11922 0
33991 0
68 0
1293 0
33989 0
7569 0
11293 0
33987 0
982 0
5347 0
33985 0
7747 0
31805 0
33983 0
17976 0
33982 0
33982 0
33982 0
6459 0
33981 0
12431 0
9568 0
11482 0
6000 0
15340 0
33976 0
33976 0
33976 0
18566 0
33975 0
33975 0
1739 0
33974 0
8986 0
24409 0
1410 0
3598 0
33970 0
33970 0
33970 0
33970 0
33970 0
885 0
33969 0
15959 0
1097 0
33967 0
5042 0
5423 0
9659 0
508 0
33963 0
33963 0
13762 0
6416 0
33961 0
33961 0
1636 0
9579 0
15525 0
33958 0
29798 0
33957 0
1898 0
33956 0
8303 0
1289 0
14424 0
10703 0
33952 0
33952 0
16407 0
9175 0
3450 0
1598 0
33948 0
6769 0
61 0
17413 0
33945 0
128 0
5644 0
9383 0
9564 0
1079 0
33940 0
33940 0
33940 0
956 0
5405 0
33938 0
3355 0
33937 0
33937 0
6698 0
8552 0
3007 0
13986 0
8183 0
6737 0
33931 0
33931 0
33931 0
17987 0
33930 0
9431 0
7669 0
33928 0
8774 0
6738 0
1199 0
5131 0
33924 0
33924 0
13580 0
12279 0
3261 0
208 0
8746 0
22911 0
3525 0
1561 0
33916 0
33916 0
8453 0
8061 0
33914 0
33914 0
9028 0
16089 0
33912 0
16026 0
94 0
33910 0
33910 0
5040 0
33909 0
8648 0
33908 0
33908 0
33908 0
33908 0
6012 0
3659 0
4461 0
7481 0
1060 0
8502 0
33902 0
9966 0
33901 0
33901 0
33901 0
1833 0
33900 0
33900 0
33900 0
33900 0
1831 0
33899 0
33899 0
33899 0
5262 0
8098 0
33897 0
33897 0
22417 0
33896 0
18707 0
15640 0
6683 0
23418 0
4188 0
33891 0
33891 0
5793 0
16976 0
11717 0
3202 0
2467 0
33886 0
14283 0
13251 0
33884 0
6409 0
33883 0
2202 0
8689 0
18350 0
33880 0
353 0
898 0
2502 0
14173 0
24614 0
4751 0
3941 0
13030 0
33872 0
7173 0
33871 0
401 0
2547 0
5478 0
20785 0
2865 0
13673 0
1716 0
17796 0
1760 0
33862 0
33862 0
19116 0
17189 0
33860 0
33860 0
33860 0
33860 0
13315 0
16859 0
33858 0
33858 0
294 0
33857 0
2813 0
667 0
33855 0
33855 0
5599 0
178 0
33853 0
33853 0
33853 0
33853 0
3105 0
33852 0
33852 0
9248 0
33851 0
33851 0
33851 0
33851 0
20843 0
2136 0
33849 0
33849 0
5374 0
33848 0
26127 0
33847 0
33847 0
33847 0
2714 0
33846 0
20516 0
33845 0
33845 0
